Date,Open,High,Low,Close,Adj Close,Volume
2013-11-01,47.25,47.4900016784668,46.95000076293945,47.27000045776367,39.9642219543457,330200
2013-11-04,47.349998474121094,47.47999954223633,47.220001220703125,47.36000061035156,40.04030227661133,1015900
2013-11-05,46.79999923706055,46.959999084472656,46.599998474121094,46.869998931884766,39.62603759765625,2794400
2013-11-06,47.119998931884766,47.119998931884766,46.77000045776367,46.79999923706055,39.56686019897461,135500
2013-11-07,46.70000076293945,46.70000076293945,45.97999954223633,46.04999923706055,38.93277359008789,294800
2013-11-08,45.95000076293945,46.20000076293945,45.709999084472656,46.13999938964844,39.00886154174805,527600
2013-11-11,46.7400016784668,46.7400016784668,46.36000061035156,46.400001525878906,39.228675842285156,394400
2013-11-12,46.38999938964844,46.38999938964844,45.86000061035156,46.08000183105469,38.95813751220703,278900
2013-11-13,45.36000061035156,45.91999816894531,45.06999969482422,45.84000015258789,38.75522994995117,707800
2013-11-14,45.939998626708984,46.459999084472656,45.709999084472656,46.349998474121094,39.186397552490234,534100
2013-11-15,47.61000061035156,48.72999954223633,47.439998626708984,48.18000030517578,40.73357391357422,1483000
2013-11-18,49.13999938964844,49.90999984741211,49.13999938964844,49.470001220703125,41.82419967651367,873400
2013-11-19,49.560001373291016,49.630001068115234,49.29999923706055,49.349998474121094,41.722740173339844,409800
2013-11-20,49.150001525878906,49.33000183105469,48.83000183105469,48.849998474121094,41.30002212524414,1048200
2013-11-21,48.779998779296875,49.16999816894531,48.66999816894531,49.040000915527344,41.460662841796875,1433700
2013-11-22,49.189998626708984,49.41999816894531,48.869998931884766,49.349998474121094,41.722740173339844,1987100
2013-11-25,49.11000061035156,49.11000061035156,48.45000076293945,48.47999954223633,40.98720932006836,279100
2013-11-26,48.599998474121094,49.029998779296875,48.560001373291016,48.90999984741211,41.35074996948242,1510300
2013-11-27,49.439998626708984,49.880001068115234,49.189998626708984,49.869998931884766,42.16237258911133,2610500
2013-11-29,49.88999938964844,49.97999954223633,49.650001525878906,49.880001068115234,42.17082977294922,409500
2013-12-02,50.08000183105469,50.08000183105469,49.119998931884766,49.20000076293945,41.59593200683594,1099500
2013-12-03,49.40999984741211,49.40999984741211,48.63999938964844,48.939998626708984,41.3761100769043,1175200
2013-12-04,48.81999969482422,49.4900016784668,48.7599983215332,49.2599983215332,41.64665603637695,434300
2013-12-05,49.31999969482422,49.349998474121094,48.91999816894531,49.0099983215332,41.43528366088867,314200
2013-12-06,49.77000045776367,50.119998931884766,49.630001068115234,49.959999084472656,42.238460540771484,676900
2013-12-09,49.58000183105469,49.869998931884766,49.58000183105469,49.689998626708984,42.01019287109375,352600
2013-12-10,49.290000915527344,49.68000030517578,49.25,49.63999938964844,41.96792221069336,255800
2013-12-11,48.95000076293945,48.959999084472656,48.08000183105469,48.220001220703125,40.767391204833984,405200
2013-12-12,48.09000015258789,48.09000015258789,47.70000076293945,47.849998474121094,40.454566955566406,292000
2013-12-13,48.38999938964844,48.38999938964844,47.90999984741211,48.18000030517578,40.73357391357422,168800
2013-12-16,48.20000076293945,48.560001373291016,48.13999938964844,48.13999938964844,40.69975280761719,211400
2013-12-17,47.900001525878906,47.90999984741211,47.439998626708984,47.5099983215332,40.167110443115234,306600
2013-12-18,47.59000015258789,48.36000061035156,46.95000076293945,48.09000015258789,40.845767974853516,329500
2013-12-19,47.22999954223633,47.310001373291016,46.77000045776367,47.130001068115234,40.03038024902344,721100
2013-12-20,47.04999923706055,47.11000061035156,46.7400016784668,46.81999969482422,39.76707458496094,534000
2013-12-23,46.95000076293945,47.119998931884766,46.709999084472656,46.77000045776367,39.724613189697266,858500
2013-12-24,47.25,47.72999954223633,47.0,47.5099983215332,40.353126525878906,90100
2013-12-26,47.380001068115234,47.380001068115234,46.81999969482422,47.150001525878906,40.04736328125,136500
2013-12-27,47.56999969482422,47.93000030517578,47.56999969482422,47.900001525878906,40.684391021728516,323900
2013-12-30,47.630001068115234,47.79999923706055,47.52000045776367,47.709999084472656,40.523006439208984,141800
2013-12-31,47.81999969482422,48.220001220703125,47.720001220703125,48.220001220703125,40.95618438720703,91200
2014-01-02,47.72999954223633,47.72999954223633,46.75,46.79999923706055,39.75008773803711,480700
2014-01-03,46.63999938964844,46.70000076293945,46.189998626708984,46.349998474121094,39.36787033081055,522300
2014-01-06,46.11000061035156,46.11000061035156,45.650001525878906,45.650001525878906,38.77332305908203,1275800
2014-01-07,45.630001068115234,45.810001373291016,45.4900016784668,45.66999816894531,38.79030990600586,232100
2014-01-08,46.119998931884766,46.2400016784668,45.97999954223633,46.150001525878906,39.198001861572266,640600
2014-01-09,45.790000915527344,45.84000015258789,45.25,45.52000045776367,38.66290283203125,458600
2014-01-10,45.90999984741211,46.380001068115234,45.779998779296875,46.29999923706055,39.32541275024414,410300
2014-01-13,46.0,46.0,45.41999816894531,45.5,38.645912170410156,217100
2014-01-14,45.790000915527344,46.209999084472656,45.599998474121094,46.130001068115234,39.18101501464844,655100
2014-01-15,46.04999923706055,46.209999084472656,45.93000030517578,46.040000915527344,39.104576110839844,583300
2014-01-16,46.0099983215332,46.0099983215332,45.66999816894531,45.7599983215332,38.86674880981445,298300
2014-01-17,45.9900016784668,45.9900016784668,45.56999969482422,45.7599983215332,38.86674880981445,704200
2014-01-21,45.93000030517578,46.0,45.40999984741211,45.709999084472656,38.824283599853516,191100
2014-01-22,46.310001373291016,46.68000030517578,46.130001068115234,46.599998474121094,39.5802116394043,662800
2014-01-23,45.0099983215332,45.68000030517578,44.810001373291016,44.97999954223633,38.204246520996094,1766500
2014-01-24,44.56999969482422,44.56999969482422,43.65999984741211,43.68000030517578,37.100093841552734,732200
2014-01-27,43.369998931884766,43.97999954223633,43.2400016784668,43.540000915527344,36.98117446899414,672600
2014-01-28,43.79999923706055,44.119998931884766,43.77000045776367,43.97999954223633,37.35489273071289,695500
2014-01-29,43.90999984741211,44.04999923706055,43.439998626708984,43.83000183105469,37.22749328613281,515600
2014-01-30,44.220001220703125,44.380001068115234,43.93000030517578,43.93000030517578,37.31242752075195,324300
2014-01-31,43.68000030517578,44.09000015258789,43.34000015258789,43.90999984741211,37.295440673828125,537200
2014-02-03,43.83000183105469,43.83000183105469,42.7400016784668,42.77000045776367,36.3271598815918,269200
2014-02-04,42.900001525878906,43.54999923706055,42.869998931884766,43.34000015258789,36.811302185058594,1763900
2014-02-05,42.91999816894531,43.119998931884766,42.529998779296875,42.849998474121094,36.39510726928711,865000
2014-02-06,42.9900016784668,43.54999923706055,42.970001220703125,43.4900016784668,36.93871307373047,393800
2014-02-07,43.97999954223633,44.099998474121094,43.56999969482422,43.77000045776367,37.17652893066406,376400
2014-02-10,43.7400016784668,43.7400016784668,43.220001220703125,43.47999954223633,36.93021011352539,383900
2014-02-11,44.119998931884766,44.81999969482422,44.11000061035156,44.79999923706055,38.051368713378906,226300
2014-02-12,45.11000061035156,45.439998626708984,44.720001220703125,44.75,38.00889205932617,297900
2014-02-13,44.47999954223633,45.060001373291016,44.45000076293945,45.060001373291016,38.27220153808594,254800
2014-02-14,45.15999984741211,45.59000015258789,45.0099983215332,45.41999816894531,38.57796859741211,134400
2014-02-18,45.470001220703125,45.560001373291016,45.220001220703125,45.349998474121094,38.518516540527344,113300
2014-02-19,45.4900016784668,45.779998779296875,45.209999084472656,45.47999954223633,38.628936767578125,536200
2014-02-20,45.150001525878906,45.43000030517578,44.810001373291016,45.27000045776367,38.45056915283203,304300
2014-02-21,45.209999084472656,45.369998931884766,45.09000015258789,45.36000061035156,38.527015686035156,101400
2014-02-24,44.83000183105469,45.16999816894531,44.66999816894531,44.869998931884766,38.11082458496094,208700
2014-02-25,44.65999984741211,44.66999816894531,43.970001220703125,44.099998474121094,37.45681381225586,1099800
2014-02-26,44.470001220703125,44.68000030517578,44.279998779296875,44.29999923706055,37.62668991088867,272400
2014-02-27,45.279998779296875,45.560001373291016,45.119998931884766,45.45000076293945,38.60346221923828,306300
2014-02-28,45.79999923706055,45.79999923706055,45.06999969482422,45.27000045776367,38.45056915283203,362300
2014-03-03,44.83000183105469,44.91999816894531,44.459999084472656,44.810001373291016,38.059852600097656,756200
2014-03-04,45.380001068115234,45.45000076293945,45.13999938964844,45.31999969482422,38.4930305480957,402700
2014-03-05,44.810001373291016,44.90999984741211,44.540000915527344,44.880001068115234,38.11931228637695,183500
2014-03-06,45.16999816894531,45.599998474121094,44.880001068115234,45.369998931884766,38.53549575805664,515400
2014-03-07,44.900001525878906,45.22999954223633,44.52000045776367,44.79999923706055,38.051368713378906,1390900
2014-03-10,44.040000915527344,44.16999816894531,43.779998779296875,44.16999816894531,37.516265869140625,1253200
2014-03-11,44.290000915527344,44.33000183105469,43.47999954223633,43.599998474121094,37.03212356567383,953200
2014-03-12,43.2400016784668,43.52000045776367,43.029998779296875,43.45000076293945,36.90473175048828,373100
2014-03-13,43.290000915527344,43.33000183105469,42.25,42.47999954223633,36.08084487915039,226700
2014-03-14,42.5,42.83000183105469,42.290000915527344,42.41999816894531,36.02988052368164,655900
2014-03-17,42.66999816894531,42.86000061035156,42.5,42.52000045776367,36.11482620239258,445700
2014-03-18,42.939998626708984,43.33000183105469,42.93000030517578,43.20000076293945,36.6923942565918,542100
2014-03-19,42.720001220703125,43.13999938964844,42.369998931884766,42.599998474121094,36.18277359008789,152000
2014-03-20,42.15999984741211,42.470001220703125,41.88999938964844,42.40999984741211,36.02139663696289,105500
2014-03-21,43.150001525878906,43.939998626708984,43.13999938964844,43.369998931884766,36.83678436279297,396500
2014-03-24,43.869998931884766,43.869998931884766,43.54999923706055,43.70000076293945,37.117069244384766,1367600
2014-03-25,43.880001068115234,44.189998626708984,43.79999923706055,44.0099983215332,37.380374908447266,677400
2014-03-26,44.130001068115234,44.369998931884766,43.88999938964844,43.900001525878906,37.28694534301758,172500
2014-03-27,43.939998626708984,44.2400016784668,43.91999816894531,44.119998931884766,37.473812103271484,407400
2014-03-28,44.70000076293945,45.2599983215332,44.70000076293945,44.93000030517578,38.16178512573242,369000
2014-03-31,45.0099983215332,45.2400016784668,44.93000030517578,44.9900016784668,38.21274948120117,228300
2014-04-01,45.470001220703125,45.470001220703125,45.099998474121094,45.349998474121094,38.518516540527344,872700
2014-04-02,45.31999969482422,45.560001373291016,45.20000076293945,45.470001220703125,38.62043762207031,440000
2014-04-03,45.38999938964844,45.400001525878906,44.93000030517578,45.369998931884766,38.53549575805664,410000
2014-04-04,45.540000915527344,45.900001525878906,44.90999984741211,44.9900016784668,38.21274948120117,619800
2014-04-07,45.099998474121094,45.2599983215332,44.86000061035156,45.130001068115234,38.33165740966797,1054900
2014-04-08,45.59000015258789,46.04999923706055,45.58000183105469,45.68000030517578,38.79880142211914,382600
2014-04-09,46.22999954223633,46.43000030517578,45.720001220703125,46.29999923706055,39.32541275024414,281800
2014-04-10,46.790000915527344,47.27000045776367,46.31999969482422,46.400001525878906,39.410343170166016,529100
2014-04-11,45.81999969482422,45.970001220703125,45.720001220703125,45.88999938964844,38.977169036865234,567400
2014-04-14,46.16999816894531,46.16999816894531,45.65999984741211,45.880001068115234,38.96867752075195,438700
2014-04-15,45.15999984741211,45.15999984741211,44.33000183105469,44.7400016784668,38.00040817260742,698900
2014-04-16,45.11000061035156,45.43000030517578,45.029998779296875,45.290000915527344,38.467552185058594,320700
2014-04-17,45.34000015258789,45.630001068115234,45.11000061035156,45.43000030517578,38.58646011352539,203500
2014-04-21,45.31999969482422,45.349998474121094,44.88999938964844,45.13999938964844,38.340145111083984,135700
2014-04-22,45.060001373291016,45.279998779296875,44.81999969482422,44.88999938964844,38.127803802490234,2823400
2014-04-23,44.529998779296875,44.529998779296875,44.20000076293945,44.459999084472656,37.7625846862793,202300
2014-04-24,44.52000045776367,44.58000183105469,44.09000015258789,44.45000076293945,37.754093170166016,808500
2014-04-25,43.900001525878906,44.08000183105469,43.56999969482422,44.060001373291016,37.4228401184082,205000
2014-04-28,43.630001068115234,43.7599983215332,43.380001068115234,43.599998474121094,37.03212356567383,645100
2014-04-29,43.91999816894531,44.400001525878906,43.91999816894531,44.15999984741211,37.507781982421875,443700
2014-04-30,43.84000015258789,43.880001068115234,43.630001068115234,43.84000015258789,37.23598098754883,207600
2014-05-01,43.88999938964844,44.13999938964844,43.7400016784668,43.90999984741211,37.295440673828125,185000
2014-05-02,43.959999084472656,44.22999954223633,43.88999938964844,44.119998931884766,37.473812103271484,184400
2014-05-05,43.68000030517578,43.77000045776367,43.52000045776367,43.720001220703125,37.13405227661133,99300
2014-05-06,43.75,44.0099983215332,43.59000015258789,43.72999954223633,37.14255142211914,77600
2014-05-07,43.459999084472656,43.630001068115234,43.27000045776367,43.59000015258789,37.02363586425781,1633400
2014-05-08,43.58000183105469,43.63999938964844,43.31999969482422,43.349998474121094,36.819793701171875,225000
2014-05-09,43.22999954223633,43.47999954223633,43.16999816894531,43.290000915527344,36.76884078979492,255400
2014-05-12,44.0099983215332,44.290000915527344,44.0099983215332,44.2599983215332,37.59271240234375,313100
2014-05-13,44.25,44.560001373291016,44.220001220703125,44.45000076293945,37.754093170166016,307200
2014-05-14,44.93000030517578,45.06999969482422,44.849998474121094,44.880001068115234,38.11931228637695,251700
2014-05-15,44.83000183105469,44.83000183105469,44.45000076293945,44.7400016784668,38.00040817260742,114800
2014-05-16,44.79999923706055,45.11000061035156,44.689998626708984,45.08000183105469,38.28919219970703,107000
2014-05-19,44.869998931884766,44.97999954223633,44.810001373291016,44.939998626708984,38.17027282714844,826700
2014-05-20,44.810001373291016,44.93000030517578,44.54999923706055,44.75,38.00889205932617,147200
2014-05-21,45.279998779296875,45.31999969482422,45.15999984741211,45.2599983215332,38.442073822021484,218000
2014-05-22,45.63999938964844,45.79999923706055,45.63999938964844,45.7599983215332,38.86674880981445,75000
2014-05-23,45.79999923706055,45.880001068115234,45.72999954223633,45.810001373291016,38.90922546386719,326400
2014-05-27,45.779998779296875,45.84000015258789,45.41999816894531,45.59000015258789,38.72235870361328,120800
2014-05-28,46.02000045776367,46.029998779296875,45.77000045776367,45.900001525878906,38.98566818237305,236200
2014-05-29,45.79999923706055,45.91999816894531,45.7599983215332,45.86000061035156,38.95167922973633,72100
2014-05-30,46.040000915527344,46.15999984741211,45.790000915527344,45.86000061035156,38.95167922973633,381200
2014-06-02,45.970001220703125,46.29999923706055,45.970001220703125,46.220001220703125,39.2574577331543,164700
2014-06-03,46.22999954223633,46.790000915527344,46.22999954223633,46.65999984741211,39.63117599487305,689500
2014-06-04,46.06999969482422,46.290000915527344,46.06999969482422,46.2400016784668,39.27445602416992,157600
2014-06-05,46.439998626708984,46.65999984741211,46.33000183105469,46.599998474121094,39.5802116394043,145700
2014-06-06,46.290000915527344,46.43000030517578,46.290000915527344,46.38999938964844,39.40185546875,157000
2014-06-09,46.56999969482422,46.880001068115234,46.54999923706055,46.810001373291016,39.75859451293945,592000
2014-06-10,47.130001068115234,47.15999984741211,46.9900016784668,47.13999938964844,40.038875579833984,155500
2014-06-11,46.939998626708984,46.939998626708984,46.720001220703125,46.810001373291016,39.75859451293945,146500
2014-06-12,46.91999816894531,46.9900016784668,46.599998474121094,46.790000915527344,39.741600036621094,670800
2014-06-13,47.119998931884766,47.41999816894531,47.06999969482422,47.369998931884766,40.234222412109375,269400
2014-06-16,47.27000045776367,47.290000915527344,47.06999969482422,47.2400016784668,40.12380599975586,123200
2014-06-17,47.02000045776367,47.72999954223633,47.0,47.2400016784668,40.12380599975586,223800
2014-06-18,47.189998626708984,47.5,46.86000061035156,47.470001220703125,40.31916046142578,649700
2014-06-19,47.06999969482422,47.130001068115234,46.91999816894531,47.04999923706055,39.96242904663086,610900
2014-06-20,47.06999969482422,47.06999969482422,46.900001525878906,46.97999954223633,39.90298080444336,134100
2014-06-23,46.45000076293945,46.529998779296875,46.29999923706055,46.40999984741211,39.4188346862793,136700
2014-06-24,46.529998779296875,46.68000030517578,46.20000076293945,46.2400016784668,39.27445602416992,224100
2014-06-25,45.599998474121094,45.91999816894531,45.599998474121094,45.86000061035156,39.57474899291992,109500
2014-06-26,46.369998931884766,46.45000076293945,46.2400016784668,46.33000183105469,39.980342864990234,77900
2014-06-27,46.27000045776367,46.47999954223633,46.189998626708984,46.45000076293945,40.083892822265625,52900
2014-06-30,46.52000045776367,46.54999923706055,46.310001373291016,46.369998931884766,40.01485824584961,92100
2014-07-01,46.66999816894531,46.83000183105469,46.650001525878906,46.70000076293945,40.29963302612305,86600
2014-07-02,47.31999969482422,47.38999938964844,47.220001220703125,47.34000015258789,40.85192108154297,391100
2014-07-03,47.54999923706055,47.849998474121094,47.529998779296875,47.810001373291016,41.25749969482422,1190900
2014-07-07,47.779998779296875,47.939998626708984,47.68000030517578,47.939998626708984,41.369686126708984,138600
2014-07-08,47.810001373291016,47.810001373291016,47.470001220703125,47.66999816894531,41.136688232421875,84200
2014-07-09,47.18000030517578,47.529998779296875,47.150001525878906,47.5,40.989986419677734,288400
2014-07-10,46.68000030517578,47.220001220703125,46.52000045776367,47.209999084472656,40.7397346496582,154000
2014-07-11,47.2400016784668,47.45000076293945,47.119998931884766,47.41999816894531,40.92095184326172,71900
2014-07-14,47.849998474121094,47.959999084472656,47.720001220703125,47.959999084472656,41.38693618774414,40600
2014-07-15,47.95000076293945,48.06999969482422,47.709999084472656,47.970001220703125,41.39558410644531,138100
2014-07-16,48.119998931884766,48.29999923706055,48.099998474121094,48.27000045776367,41.65445327758789,70900
2014-07-17,47.90999984741211,47.939998626708984,47.470001220703125,47.56999969482422,41.05038070678711,1642900
2014-07-18,47.849998474121094,48.04999923706055,47.83000183105469,47.88999938964844,41.3265380859375,231400
2014-07-21,47.47999954223633,47.91999816894531,47.40999984741211,47.90999984741211,41.34379577636719,66400
2014-07-22,48.709999084472656,48.880001068115234,48.689998626708984,48.810001373291016,42.12044143676758,247700
2014-07-23,49.22999954223633,49.40999984741211,49.15999984741211,49.310001373291016,42.55192565917969,621800
2014-07-24,49.65999984741211,49.93000030517578,49.529998779296875,49.779998779296875,42.9575080871582,227800
2014-07-25,49.790000915527344,49.849998474121094,49.61000061035156,49.77000045776367,42.94886779785156,132900
2014-07-28,50.16999816894531,50.599998474121094,50.08000183105469,50.56999969482422,43.63923263549805,122900
2014-07-29,50.70000076293945,50.75,50.36000061035156,50.43000030517578,43.5184211730957,256100
2014-07-30,50.560001373291016,50.560001373291016,49.83000183105469,50.060001373291016,43.19913101196289,331200
2014-07-31,50.040000915527344,50.060001373291016,49.45000076293945,49.4900016784668,42.70725631713867,1160800
2014-08-01,49.45000076293945,50.11000061035156,49.45000076293945,49.939998626708984,43.095577239990234,1857600
2014-08-04,50.27000045776367,50.52000045776367,50.11000061035156,50.47999954223633,43.56156539916992,469100
2014-08-05,50.099998474121094,50.2400016784668,49.79999923706055,49.959999084472656,43.112831115722656,1048200
2014-08-06,49.779998779296875,50.0,49.689998626708984,49.75,42.931617736816406,812800
2014-08-07,49.81999969482422,49.81999969482422,49.25,49.41999816894531,42.646846771240234,927600
2014-08-08,49.86000061035156,50.33000183105469,49.83000183105469,50.25,43.36308670043945,159100
2014-08-11,50.59000015258789,50.91999816894531,50.58000183105469,50.79999923706055,43.83771514892578,670700
2014-08-12,50.709999084472656,50.88999938964844,50.59000015258789,50.88999938964844,43.915374755859375,670000
2014-08-13,51.36000061035156,51.540000915527344,51.220001220703125,51.400001525878906,44.355472564697266,605400
2014-08-14,50.93000030517578,50.970001220703125,50.810001373291016,50.91999816894531,43.94126892089844,614200
2014-08-15,51.18000030517578,51.18000030517578,50.630001068115234,50.900001525878906,43.924007415771484,405000
2014-08-18,51.11000061035156,51.27000045776367,51.04999923706055,51.209999084472656,44.1915168762207,198100
2014-08-19,51.31999969482422,51.349998474121094,51.20000076293945,51.29999923706055,44.269187927246094,240800
2014-08-20,51.06999969482422,51.310001373291016,51.06999969482422,51.18000030517578,44.16562271118164,169600
2014-08-21,50.90999984741211,50.91999816894531,50.58000183105469,50.630001068115234,43.69101333618164,338700
2014-08-22,50.900001525878906,50.90999984741211,50.59000015258789,50.65999984741211,43.71689987182617,356500
2014-08-25,50.93000030517578,51.04999923706055,50.869998931884766,51.04999923706055,44.05344772338867,212100
2014-08-26,50.900001525878906,51.08000183105469,50.900001525878906,51.060001373291016,44.062068939208984,250600
2014-08-27,50.779998779296875,50.810001373291016,50.689998626708984,50.790000915527344,43.82908630371094,67200
2014-08-28,50.0,50.11000061035156,49.869998931884766,50.08000183105469,43.21638870239258,136200
2014-08-29,50.33000183105469,50.4900016784668,50.060001373291016,50.130001068115234,43.25953674316406,763600
2014-09-02,50.5099983215332,50.59000015258789,50.369998931884766,50.439998626708984,43.52705764770508,379600
2014-09-03,51.97999954223633,52.11000061035156,51.77000045776367,51.93000030517578,44.812843322753906,160800
2014-09-04,52.290000915527344,52.31999969482422,51.86000061035156,51.970001220703125,44.847354888916016,283900
2014-09-05,52.06999969482422,52.41999816894531,51.90999984741211,52.41999816894531,45.235679626464844,435700
2014-09-08,52.2400016784668,52.279998779296875,51.939998626708984,52.130001068115234,44.98543930053711,284000
2014-09-09,52.08000183105469,52.08000183105469,51.66999816894531,51.720001220703125,44.63162612915039,2009800
2014-09-10,50.84000015258789,51.16999816894531,50.709999084472656,51.060001373291016,44.062068939208984,620800
2014-09-11,50.63999938964844,50.88999938964844,50.59000015258789,50.81999969482422,43.85497283935547,419000
2014-09-12,50.689998626708984,50.689998626708984,50.349998474121094,50.4900016784668,43.57019805908203,1250200
2014-09-15,50.09000015258789,50.16999816894531,49.7400016784668,49.83000183105469,43.00065231323242,551700
2014-09-16,49.349998474121094,50.650001525878906,49.290000915527344,50.20000076293945,43.319942474365234,993400
2014-09-17,50.209999084472656,50.310001373291016,49.75,49.869998931884766,43.0351676940918,371900
2014-09-18,49.84000015258789,49.939998626708984,49.7400016784668,49.849998474121094,43.017906188964844,89700
2014-09-19,49.84000015258789,49.90999984741211,49.209999084472656,49.349998474121094,42.586429595947266,271400
2014-09-22,49.0,49.0,48.31999969482422,48.470001220703125,41.82704544067383,367600
2014-09-23,48.369998931884766,48.599998474121094,48.18000030517578,48.209999084472656,41.60267639160156,423100
2014-09-24,48.95000076293945,49.349998474121094,48.709999084472656,49.20000076293945,42.45699691772461,496300
2014-09-25,48.63999938964844,48.63999938964844,48.20000076293945,48.369998931884766,41.74074935913086,229100
2014-09-26,48.43000030517578,48.689998626708984,48.38999938964844,48.52000045776367,41.87018966674805,189600
2014-09-29,47.52000045776367,47.52000045776367,47.220001220703125,47.29999923706055,40.8173942565918,382000
2014-09-30,47.16999816894531,47.470001220703125,47.08000183105469,47.380001068115234,40.88643264770508,796300
2014-10-01,47.15999984741211,47.18000030517578,46.45000076293945,46.4900016784668,40.118412017822266,654400
2014-10-02,46.459999084472656,46.599998474121094,45.59000015258789,46.369998931884766,40.01485824584961,1207100
2014-10-03,47.33000183105469,47.369998931884766,46.9900016784668,47.119998931884766,40.66206359863281,753800
2014-10-06,48.060001373291016,48.220001220703125,47.95000076293945,48.04999923706055,41.4646110534668,1233600
2014-10-07,48.060001373291016,48.09000015258789,47.65999984741211,47.68000030517578,41.145320892333984,195700
2014-10-08,47.790000915527344,48.58000183105469,47.58000183105469,48.459999084472656,41.81840896606445,974800
2014-10-09,48.189998626708984,48.25,47.599998474121094,47.7599983215332,41.21436309814453,1109000
2014-10-10,47.36000061035156,47.36000061035156,46.83000183105469,46.849998474121094,40.42906951904297,301400
2014-10-13,47.400001525878906,47.720001220703125,47.099998474121094,47.130001068115234,40.67070007324219,359400
2014-10-14,47.09000015258789,47.45000076293945,46.880001068115234,47.18000030517578,40.71385192871094,311400
2014-10-15,46.650001525878906,47.04999923706055,45.900001525878906,46.959999084472656,40.523990631103516,1375000
2014-10-16,46.09000015258789,47.150001525878906,46.02000045776367,46.790000915527344,40.37730026245117,542900
2014-10-17,47.5099983215332,47.70000076293945,47.22999954223633,47.27000045776367,40.79151153564453,386300
2014-10-20,47.09000015258789,47.41999816894531,47.0099983215332,47.38999938964844,40.895057678222656,214300
2014-10-21,47.380001068115234,47.79999923706055,47.380001068115234,47.540000915527344,41.02450180053711,279700
2014-10-22,47.709999084472656,47.779998779296875,47.369998931884766,47.43000030517578,40.92958068847656,291600
2014-10-23,47.77000045776367,47.939998626708984,47.630001068115234,47.70000076293945,41.162574768066406,242100
2014-10-24,47.720001220703125,48.0099983215332,47.630001068115234,47.83000183105469,41.27476119995117,110900
2014-10-27,47.09000015258789,47.31999969482422,46.97999954223633,47.31999969482422,40.83465576171875,296700
2014-10-28,48.119998931884766,48.54999923706055,48.119998931884766,48.459999084472656,41.81840896606445,470100
2014-10-29,48.90999984741211,49.02000045776367,48.369998931884766,48.61000061035156,41.9478645324707,983700
2014-10-30,48.369998931884766,48.84000015258789,48.369998931884766,48.650001525878906,41.982383728027344,171400
2014-10-31,49.45000076293945,49.459999084472656,49.099998474121094,49.209999084472656,42.46562576293945,397700
2014-11-03,49.02000045776367,49.02000045776367,48.70000076293945,48.88999938964844,42.189483642578125,493100
2014-11-04,49.13999938964844,49.13999938964844,48.83000183105469,49.099998474121094,42.370704650878906,375500
2014-11-05,48.81999969482422,48.90999984741211,48.619998931884766,48.790000915527344,42.103187561035156,424600
2014-11-06,48.779998779296875,48.84000015258789,48.54999923706055,48.70000076293945,42.02552032470703,725400
2014-11-07,48.27000045776367,48.599998474121094,48.2599983215332,48.54999923706055,41.89608383178711,205500
2014-11-10,48.95000076293945,49.0,48.619998931884766,48.619998931884766,41.95648956298828,133400
2014-11-11,48.7400016784668,48.849998474121094,48.58000183105469,48.77000045776367,42.085933685302734,441500
2014-11-12,48.849998474121094,49.04999923706055,48.66999816894531,48.72999954223633,42.05141067504883,625100
2014-11-13,49.130001068115234,49.130001068115234,48.84000015258789,49.029998779296875,42.31029510498047,305700
2014-11-14,49.70000076293945,50.150001525878906,49.70000076293945,50.040000915527344,43.18186950683594,760200
2014-11-17,48.709999084472656,48.72999954223633,48.54999923706055,48.66999816894531,41.999637603759766,162200
2014-11-18,48.18000030517578,48.2400016784668,48.099998474121094,48.20000076293945,41.59405517578125,410900
2014-11-19,47.849998474121094,48.09000015258789,47.720001220703125,47.95000076293945,41.37831115722656,775500
2014-11-20,47.650001525878906,47.81999969482422,47.58000183105469,47.65999984741211,41.1280632019043,1594100
2014-11-21,49.400001525878906,49.709999084472656,49.2400016784668,49.33000183105469,42.56919479370117,766400
2014-11-24,49.52000045776367,49.52000045776367,49.2400016784668,49.29999923706055,42.54330062866211,388800
2014-11-25,49.40999984741211,49.43000030517578,48.91999816894531,48.959999084472656,42.24989318847656,449700
2014-11-26,50.0099983215332,50.369998931884766,50.0099983215332,50.33000183105469,43.432125091552734,143300
2014-11-28,50.099998474121094,50.099998474121094,49.70000076293945,49.779998779296875,42.9575080871582,163600
2014-12-01,48.66999816894531,48.66999816894531,48.36000061035156,48.52000045776367,41.87018966674805,387100
2014-12-02,49.369998931884766,49.66999816894531,49.34000015258789,49.52000045776367,42.7331428527832,288000
2014-12-03,49.04999923706055,49.34000015258789,48.970001220703125,49.22999954223633,42.482887268066406,432100
2014-12-04,50.40999984741211,50.52000045776367,50.16999816894531,50.400001525878906,43.49253463745117,324000
2014-12-05,50.790000915527344,50.88999938964844,50.41999816894531,50.88999938964844,43.915374755859375,279100
2014-12-08,50.849998474121094,50.86000061035156,50.29999923706055,50.369998931884766,43.46664047241211,330700
2014-12-09,48.65999984741211,48.84000015258789,48.470001220703125,48.790000915527344,42.103187561035156,293300
2014-12-10,49.11000061035156,49.18000030517578,48.459999084472656,48.52000045776367,41.87018966674805,616800
2014-12-11,48.65999984741211,49.25,48.619998931884766,48.81999969482422,42.12907791137695,932700
2014-12-12,48.540000915527344,48.68000030517578,48.11000061035156,48.13999938964844,41.54227066040039,528200
2014-12-15,48.5099983215332,48.5099983215332,47.540000915527344,47.95000076293945,41.37831115722656,419200
2014-12-16,47.369998931884766,48.5,47.25,47.77000045776367,41.22298812866211,320700
2014-12-17,47.75,48.779998779296875,47.29999923706055,48.43000030517578,42.189964294433594,1193600
2014-12-18,48.779998779296875,48.790000915527344,48.29999923706055,48.709999084472656,42.43387985229492,409100
2014-12-19,48.45000076293945,49.09000015258789,48.45000076293945,48.90999984741211,42.60811996459961,296200
2014-12-22,49.40999984741211,49.86000061035156,49.40999984741211,49.84000015258789,43.41828536987305,250500
2014-12-23,49.459999084472656,49.459999084472656,49.04999923706055,49.209999084472656,42.86946105957031,197000
2014-12-24,48.880001068115234,48.939998626708984,48.72999954223633,48.880001068115234,42.58198547363281,68900
2014-12-26,50.119998931884766,50.529998779296875,50.040000915527344,50.08000183105469,43.62736511230469,231500
2014-12-29,50.119998931884766,50.2599983215332,50.040000915527344,50.04999923706055,43.601234436035156,109700
2014-12-30,49.43000030517578,49.68000030517578,49.40999984741211,49.459999084472656,43.08726119995117,244000
2014-12-31,50.290000915527344,50.43000030517578,50.130001068115234,50.22999954223633,43.75803756713867,144700
2015-01-02,50.709999084472656,50.79999923706055,50.16999816894531,50.2599983215332,43.784175872802734,250700
2015-01-05,50.63999938964844,50.63999938964844,50.09000015258789,50.189998626708984,43.72319030761719,278200
2015-01-06,50.25,50.349998474121094,49.5099983215332,49.709999084472656,43.30503463745117,138000
2015-01-07,50.79999923706055,51.06999969482422,50.619998931884766,50.97999954223633,44.411399841308594,198000
2015-01-08,51.40999984741211,51.63999938964844,51.349998474121094,51.4900016784668,44.85569763183594,99300
2015-01-09,51.650001525878906,51.70000076293945,51.150001525878906,51.31999969482422,44.70759201049805,1036000
2015-01-12,51.29999923706055,51.29999923706055,50.7599983215332,50.849998474121094,44.29815673828125,159200
2015-01-13,51.70000076293945,51.90999984741211,50.970001220703125,51.43000030517578,44.80342483520508,433200
2015-01-14,51.0099983215332,51.16999816894531,50.630001068115234,50.900001525878906,44.34171676635742,303800
2015-01-15,51.709999084472656,51.880001068115234,51.18000030517578,51.20000076293945,44.603057861328125,138300
2015-01-16,50.47999954223633,51.040000915527344,50.400001525878906,50.95000076293945,44.3852653503418,405100
2015-01-20,50.41999816894531,50.630001068115234,50.34000015258789,50.560001373291016,44.04552459716797,1038600
2015-01-21,51.5,52.209999084472656,51.45000076293945,52.18000030517578,45.456790924072266,446400
2015-01-22,52.27000045776367,53.099998474121094,52.11000061035156,53.060001373291016,46.223411560058594,677800
2015-01-23,52.810001373291016,53.0,52.79999923706055,52.849998474121094,46.04046630859375,236000
2015-01-26,52.77000045776367,52.97999954223633,52.65999984741211,52.7599983215332,45.96205139160156,258600
2015-01-27,51.70000076293945,51.97999954223633,51.52000045776367,51.900001525878906,45.21287155151367,677300
2015-01-28,51.68000030517578,51.68000030517578,51.060001373291016,51.150001525878906,44.559505462646484,652500
2015-01-29,51.4900016784668,51.58000183105469,50.959999084472656,51.5099983215332,44.87311935424805,592800
2015-01-30,50.9900016784668,51.06999969482422,50.310001373291016,50.400001525878906,43.9061393737793,1428500
2015-02-02,50.810001373291016,51.18000030517578,50.7400016784668,51.099998474121094,44.51593780517578,287000
2015-02-03,51.5,51.95000076293945,51.5,51.83000183105469,45.15188217163086,552500
2015-02-04,52.619998931884766,52.9900016784668,52.18000030517578,52.2400016784668,45.509056091308594,528400
2015-02-05,51.849998474121094,52.29999923706055,51.7599983215332,52.16999816894531,45.44807434082031,715800
2015-02-06,51.279998779296875,51.47999954223633,51.0,51.029998779296875,44.45496368408203,366100
2015-02-09,50.939998626708984,51.029998779296875,50.689998626708984,50.779998779296875,44.237178802490234,503800
2015-02-10,51.09000015258789,51.189998626708984,50.88999938964844,51.099998474121094,44.51593780517578,183000
2015-02-11,50.88999938964844,51.06999969482422,50.720001220703125,51.04999923706055,44.472381591796875,392700
2015-02-12,51.650001525878906,51.88999938964844,51.40999984741211,51.810001373291016,45.134464263916016,453800
2015-02-13,51.95000076293945,52.209999084472656,51.95000076293945,52.119998931884766,45.40451431274414,438200
2015-02-17,52.31999969482422,52.459999084472656,52.099998474121094,52.369998931884766,45.622310638427734,447600
2015-02-18,52.18000030517578,52.279998779296875,52.0099983215332,52.189998626708984,45.46549606323242,208300
2015-02-19,52.060001373291016,52.27000045776367,51.91999816894531,52.130001068115234,45.41324234008789,102600
2015-02-20,52.040000915527344,52.5,51.91999816894531,52.4900016784668,45.726844787597656,142400
2015-02-23,52.47999954223633,52.47999954223633,51.9900016784668,52.09000015258789,45.37839126586914,192300
2015-02-24,52.5099983215332,52.900001525878906,52.31999969482422,52.709999084472656,45.91849899291992,725300
2015-02-25,52.619998931884766,52.689998626708984,52.470001220703125,52.540000915527344,45.770408630371094,482700
2015-02-26,53.08000183105469,53.209999084472656,52.97999954223633,53.08000183105469,46.24082946777344,338800
2015-02-27,53.220001220703125,53.25,52.939998626708984,53.060001373291016,46.223411560058594,488700
2015-03-02,52.880001068115234,53.29999923706055,52.810001373291016,53.29999923706055,46.4324836730957,209000
2015-03-03,52.099998474121094,52.220001220703125,51.900001525878906,52.0,45.299983978271484,395600
2015-03-04,51.459999084472656,51.4900016784668,51.18000030517578,51.47999954223633,44.846981048583984,440200
2015-03-05,51.380001068115234,51.459999084472656,51.11000061035156,51.20000076293945,44.603057861328125,293900
2015-03-06,51.0,51.08000183105469,50.58000183105469,50.650001525878906,44.123924255371094,590700
2015-03-09,51.13999938964844,51.31999969482422,51.08000183105469,51.099998474121094,44.51593780517578,312800
2015-03-10,50.189998626708984,50.189998626708984,49.880001068115234,50.0,43.55767059326172,195900
2015-03-11,50.13999938964844,50.41999816894531,50.02000045776367,50.279998779296875,43.801597595214844,1277800
2015-03-12,50.880001068115234,51.0099983215332,50.63999938964844,50.7599983215332,44.21974563598633,1679400
2015-03-13,50.97999954223633,50.97999954223633,50.630001068115234,50.939998626708984,44.37656021118164,808600
2015-03-16,51.65999984741211,51.86000061035156,51.619998931884766,51.83000183105469,45.15188217163086,698300
2015-03-17,51.40999984741211,52.25,51.40999984741211,52.13999938964844,45.42195129394531,4500800
2015-03-18,52.25,53.119998931884766,51.939998626708984,52.90999984741211,46.092735290527344,992200
2015-03-19,52.849998474121094,52.9900016784668,52.540000915527344,52.790000915527344,45.98820114135742,544600
2015-03-20,52.880001068115234,53.189998626708984,52.77000045776367,52.970001220703125,46.1450080871582,446800
2015-03-23,52.97999954223633,53.060001373291016,52.779998779296875,52.900001525878906,46.084022521972656,542600
2015-03-24,52.529998779296875,52.7599983215332,52.529998779296875,52.689998626708984,45.90108108520508,559700
2015-03-25,52.619998931884766,52.689998626708984,52.02000045776367,52.06999969482422,45.3609619140625,1068500
2015-03-26,52.06999969482422,52.2400016784668,51.79999923706055,52.08000183105469,45.36967849731445,1169800
2015-03-27,52.810001373291016,52.970001220703125,52.599998474121094,52.84000015258789,46.0317497253418,2647000
2015-03-30,54.02000045776367,54.939998626708984,54.0,54.790000915527344,47.730499267578125,1364800
2015-03-31,54.06999969482422,54.560001373291016,54.02000045776367,54.5,47.477867126464844,1688400
2015-04-01,55.15999984741211,55.45000076293945,55.08000183105469,55.38999938964844,48.2531852722168,2872400
2015-04-02,55.7400016784668,56.16999816894531,55.7400016784668,56.06999969482422,48.845577239990234,838700
2015-04-06,56.20000076293945,56.959999084472656,56.20000076293945,56.709999084472656,49.40311813354492,417800
2015-04-07,57.02000045776367,57.11000061035156,56.75,56.75,49.437957763671875,658000
2015-04-08,60.130001068115234,60.56999969482422,59.810001373291016,60.209999084472656,52.452152252197266,979400
2015-04-09,61.290000915527344,62.970001220703125,61.290000915527344,62.84000015258789,54.74327850341797,3839900
2015-04-10,61.84000015258789,62.40999984741211,61.5,62.25,54.229312896728516,907600
2015-04-13,63.56999969482422,63.720001220703125,62.75,62.77000045776367,54.68230056762695,2500800
2015-04-14,61.52000045776367,62.400001525878906,61.439998626708984,62.209999084472656,54.194461822509766,1601800
2015-04-15,62.22999954223633,62.529998779296875,61.9900016784668,62.470001220703125,54.420955657958984,1465600
2015-04-16,63.09000015258789,63.869998931884766,62.900001525878906,63.439998626708984,55.26597213745117,737100
2015-04-17,60.4900016784668,61.540000915527344,60.36000061035156,61.220001220703125,53.33202362060547,2720500
2015-04-20,61.189998626708984,61.75,61.189998626708984,61.560001373291016,53.628211975097656,591500
2015-04-21,63.22999954223633,63.290000915527344,62.810001373291016,62.88999938964844,54.786842346191406,643400
2015-04-22,63.79999923706055,64.0999984741211,63.689998626708984,64.06999969482422,55.81480407714844,892400
2015-04-23,63.25,63.7400016784668,63.040000915527344,63.529998779296875,55.3443717956543,250800
2015-04-24,63.529998779296875,63.630001068115234,63.40999984741211,63.540000915527344,55.353092193603516,260200
2015-04-27,64.30999755859375,64.58000183105469,64.12000274658203,64.4000015258789,56.102294921875,356400
2015-04-28,64.2699966430664,64.48999786376953,63.939998626708984,64.43000030517578,56.128414154052734,2275800
2015-04-29,63.650001525878906,63.79999923706055,63.2400016784668,63.59000015258789,55.39664840698242,394900
2015-04-30,63.060001373291016,63.189998626708984,62.650001525878906,62.68000030517578,54.603904724121094,810900
2015-05-01,62.790000915527344,63.439998626708984,62.790000915527344,63.2599983215332,55.109161376953125,190900
2015-05-04,63.130001068115234,64.02999877929688,63.08000183105469,63.779998779296875,55.56217575073242,1660700
2015-05-05,62.16999816894531,62.36000061035156,61.68000030517578,61.84000015258789,53.872135162353516,1425100
2015-05-06,61.63999938964844,61.79999923706055,60.40999984741211,60.5099983215332,52.71348571777344,523700
2015-05-07,59.93000030517578,60.220001220703125,59.72999954223633,60.18000030517578,52.42600631713867,1112500
2015-05-08,61.470001220703125,61.93000030517578,61.33000183105469,61.58000183105469,53.645633697509766,1573800
2015-05-11,61.95000076293945,62.06999969482422,61.099998474121094,61.18000030517578,53.29716873168945,1577500
2015-05-12,60.439998626708984,60.90999984741211,60.380001068115234,60.869998931884766,53.0271110534668,924900
2015-05-13,60.61000061035156,60.83000183105469,60.209999084472656,60.31999969482422,52.5479736328125,372200
2015-05-14,60.59000015258789,60.84000015258789,60.560001373291016,60.75,52.92258071899414,1372300
2015-05-15,61.45000076293945,61.95000076293945,61.43000030517578,61.790000915527344,53.82857894897461,409300
2015-05-18,60.959999084472656,61.18000030517578,60.81999969482422,61.09000015258789,53.21876907348633,387300
2015-05-19,61.81999969482422,61.880001068115234,61.56999969482422,61.75,53.793724060058594,388800
2015-05-20,61.2400016784668,61.439998626708984,61.0,61.290000915527344,53.39299011230469,525900
2015-05-21,61.040000915527344,61.11000061035156,60.88999938964844,61.040000915527344,53.17522048950195,386000
2015-05-22,62.4900016784668,63.09000015258789,62.369998931884766,62.79999923706055,54.70844268798828,803100
2015-05-26,63.43000030517578,63.7400016784668,62.810001373291016,63.060001373291016,54.934940338134766,2495900
2015-05-27,62.66999816894531,63.060001373291016,62.529998779296875,63.0,54.88267517089844,307400
2015-05-28,60.77000045776367,60.939998626708984,60.470001220703125,60.77000045776367,52.93999481201172,1018300
2015-05-29,60.61000061035156,60.70000076293945,59.79999923706055,59.849998474121094,52.13854217529297,771100
2015-06-01,60.779998779296875,60.779998779296875,60.34000015258789,60.5099983215332,52.71348571777344,197500
2015-06-02,60.29999923706055,60.7400016784668,60.22999954223633,60.40999984741211,52.62638473510742,849800
2015-06-03,60.56999969482422,61.099998474121094,60.439998626708984,60.88999938964844,53.04453659057617,1124600
2015-06-04,60.68000030517578,60.720001220703125,60.209999084472656,60.349998474121094,52.57411193847656,830100
2015-06-05,59.66999816894531,60.04999923706055,59.47999954223633,59.939998626708984,52.21693801879883,238200
2015-06-08,60.22999954223633,60.279998779296875,60.0,60.06999969482422,52.3301887512207,818400
2015-06-09,58.91999816894531,59.209999084472656,58.630001068115234,59.209999084472656,51.580997467041016,619300
2015-06-10,58.130001068115234,58.83000183105469,58.11000061035156,58.77000045776367,51.19768524169922,2454700
2015-06-11,59.0099983215332,59.2599983215332,58.869998931884766,59.13999938964844,51.52001190185547,2369200
2015-06-12,59.65999984741211,59.75,59.52000045776367,59.630001068115234,51.94688034057617,262800
2015-06-15,58.02000045776367,58.15999984741211,57.79999923706055,58.040000915527344,50.56174850463867,800800
2015-06-16,57.459999084472656,57.459999084472656,56.88999938964844,57.2599983215332,49.88224792480469,262600
2015-06-17,57.560001373291016,57.7599983215332,57.15999984741211,57.529998779296875,50.11746597290039,868100
2015-06-18,57.27000045776367,57.880001068115234,57.2599983215332,57.810001373291016,50.361385345458984,550900
2015-06-19,57.189998626708984,57.560001373291016,57.119998931884766,57.2599983215332,49.88224792480469,405500
2015-06-22,58.08000183105469,58.2599983215332,57.869998931884766,57.95000076293945,50.483341217041016,841100
2015-06-23,59.38999938964844,59.38999938964844,59.16999816894531,59.34000015258789,51.694252014160156,1403100
2015-06-24,59.779998779296875,59.959999084472656,59.380001068115234,59.439998626708984,51.78137969970703,322200
2015-06-25,58.31999969482422,58.31999969482422,57.91999816894531,57.91999816894531,50.972599029541016,1127000
2015-06-26,56.70000076293945,56.9900016784668,56.279998779296875,56.41999816894531,49.65251541137695,1386200
2015-06-29,55.38999938964844,55.529998779296875,54.810001373291016,54.81999969482422,48.24443435668945,1501200
2015-06-30,56.4900016784668,56.4900016784668,55.70000076293945,56.040000915527344,49.31809997558594,779700
2015-07-01,55.63999938964844,55.97999954223633,55.40999984741211,55.63999938964844,48.96607208251953,396100
2015-07-02,55.939998626708984,56.279998779296875,55.59000015258789,55.66999816894531,48.99248123168945,465600
2015-07-06,52.95000076293945,53.400001525878906,52.709999084472656,52.86000061035156,46.519535064697266,1419500
2015-07-07,50.06999969482422,50.83000183105469,49.349998474121094,50.720001220703125,44.63623046875,2392400
2015-07-08,48.0,48.47999954223633,47.25,47.34000015258789,41.661651611328125,4028400
2015-07-09,50.33000183105469,51.08000183105469,49.689998626708984,49.720001220703125,43.75617599487305,4121700
2015-07-10,52.18000030517578,52.349998474121094,51.52000045776367,52.279998779296875,46.00910949707031,2799500
2015-07-13,52.95000076293945,53.0,52.5,52.54999923706055,46.2467155456543,3811600
2015-07-14,52.130001068115234,52.560001373291016,52.06999969482422,52.5099983215332,46.211509704589844,952900
2015-07-15,51.779998779296875,51.79999923706055,51.18000030517578,51.279998779296875,45.1290397644043,657800
2015-07-16,52.0099983215332,52.310001373291016,51.91999816894531,52.27000045776367,46.00029754638672,433200
2015-07-17,53.0,53.0,52.65999984741211,52.7599983215332,46.431522369384766,1518800
2015-07-20,52.5,52.72999954223633,52.220001220703125,52.529998779296875,46.2291145324707,498700
2015-07-21,52.93000030517578,53.130001068115234,52.75,52.81999969482422,46.48432922363281,729200
2015-07-22,52.34000015258789,52.400001525878906,52.099998474121094,52.150001525878906,45.89469528198242,646600
2015-07-23,52.63999938964844,52.63999938964844,52.09000015258789,52.13999938964844,45.88589859008789,830800
2015-07-24,52.0099983215332,52.0099983215332,51.22999954223633,51.560001373291016,45.37546920776367,817500
2015-07-27,49.47999954223633,49.79999923706055,49.0,49.27000045776367,43.36015319824219,3030500
2015-07-28,49.810001373291016,50.150001525878906,49.4900016784668,50.13999938964844,44.125789642333984,939000
2015-07-29,50.150001525878906,50.900001525878906,50.0,50.81999969482422,44.7242317199707,2173000
2015-07-30,50.0,50.209999084472656,49.75,50.130001068115234,44.11698913574219,597400
2015-07-31,50.290000915527344,50.4900016784668,49.810001373291016,50.040000915527344,44.03778076171875,595100
2015-08-03,49.47999954223633,49.47999954223633,49.0,49.2599983215332,43.35135269165039,535300
2015-08-04,49.599998474121094,49.86000061035156,49.400001525878906,49.5,43.562564849853516,1142000
2015-08-05,50.119998931884766,50.279998779296875,49.689998626708984,49.86000061035156,43.879371643066406,330500
2015-08-06,49.689998626708984,49.79999923706055,49.189998626708984,49.29999923706055,43.386558532714844,976500
2015-08-07,50.08000183105469,50.09000015258789,49.65999984741211,49.810001373291016,43.83536911010742,258300
2015-08-10,50.58000183105469,51.150001525878906,50.58000183105469,50.95000076293945,44.83863067626953,618600
2015-08-11,50.02000045776367,50.369998931884766,49.77000045776367,50.31999969482422,44.28419876098633,302400
2015-08-12,48.9900016784668,49.459999084472656,48.7400016784668,49.349998474121094,43.43054962158203,2980800
2015-08-13,49.68000030517578,49.9900016784668,49.52000045776367,49.540000915527344,43.59776306152344,1431800
2015-08-14,49.540000915527344,49.79999923706055,49.540000915527344,49.72999954223633,43.76497268676758,249500
2015-08-17,49.09000015258789,49.540000915527344,49.0,49.5099983215332,43.57136535644531,178500
2015-08-18,48.52000045776367,48.68000030517578,48.36000061035156,48.43000030517578,42.620906829833984,597400
2015-08-19,47.90999984741211,47.90999984741211,46.95000076293945,47.380001068115234,41.69684982299805,550400
2015-08-20,46.36000061035156,46.54999923706055,45.93000030517578,45.970001220703125,40.45597839355469,885900
2015-08-21,45.59000015258789,45.900001525878906,44.529998779296875,44.56999969482422,39.223907470703125,2630500
2015-08-24,40.630001068115234,43.439998626708984,39.77000045776367,41.380001068115234,36.416542053222656,2948900
2015-08-25,44.58000183105469,44.7599983215332,42.20000076293945,42.63999938964844,37.5254020690918,3476600
2015-08-26,43.36000061035156,43.81999969482422,42.150001525878906,43.7400016784668,38.493465423583984,2317600
2015-08-27,44.900001525878906,46.04999923706055,44.75,45.86000061035156,40.35916519165039,2100300
2015-08-28,44.95000076293945,45.029998779296875,44.439998626708984,44.66999816894531,39.31190490722656,387500
2015-08-31,44.41999816894531,44.61000061035156,43.95000076293945,44.099998474121094,38.810279846191406,325900
2015-09-01,42.5,42.75,41.79999923706055,42.06999969482422,37.02377700805664,302400
2015-09-02,42.59000015258789,42.61000061035156,42.0,42.61000061035156,37.49900817871094,159100
2015-09-03,42.93000030517578,43.65999984741211,42.7599983215332,42.86000061035156,37.71902084350586,367900
2015-09-04,42.0099983215332,42.0099983215332,41.33000183105469,41.66999816894531,36.6717529296875,1692600
2015-09-08,44.380001068115234,44.5099983215332,43.97999954223633,44.40999984741211,39.08308792114258,526000
2015-09-09,45.459999084472656,45.540000915527344,44.34000015258789,44.400001525878906,39.07429885864258,1900600
2015-09-10,44.33000183105469,44.97999954223633,44.31999969482422,44.58000183105469,39.23270797729492,449100
2015-09-11,44.36000061035156,44.91999816894531,44.25,44.900001525878906,39.514320373535156,279100
2015-09-14,44.40999984741211,44.470001220703125,44.060001373291016,44.45000076293945,39.11830139160156,358400
2015-09-15,44.459999084472656,45.11000061035156,44.38999938964844,44.970001220703125,39.57592010498047,226200
2015-09-16,45.91999816894531,46.45000076293945,45.779998779296875,46.310001373291016,40.75519943237305,477100
2015-09-17,45.36000061035156,46.65999984741211,45.220001220703125,45.65999984741211,40.18315505981445,2330200
2015-09-18,45.119998931884766,45.470001220703125,44.650001525878906,44.75,39.38230895996094,549100
2015-09-21,45.43000030517578,45.709999084472656,45.2400016784668,45.540000915527344,40.07756042480469,305700
2015-09-22,44.7400016784668,44.86000061035156,44.400001525878906,44.79999923706055,39.42631912231445,309800
2015-09-23,44.41999816894531,44.459999084472656,43.91999816894531,44.06999969482422,38.78388214111328,1213700
2015-09-24,43.47999954223633,44.02000045776367,43.20000076293945,43.849998474121094,38.59027099609375,260200
2015-09-25,44.41999816894531,44.4900016784668,43.540000915527344,43.65999984741211,38.423057556152344,297100
2015-09-28,43.33000183105469,43.33000183105469,42.560001373291016,42.630001068115234,37.516597747802734,2564400
2015-09-29,42.61000061035156,43.0,42.38999938964844,42.720001220703125,37.59580993652344,531800
2015-09-30,43.709999084472656,43.90999984741211,43.34000015258789,43.810001373291016,38.55506896972656,431300
2015-10-01,44.11000061035156,44.27000045776367,43.68000030517578,44.11000061035156,38.8190803527832,399200
2015-10-02,44.41999816894531,45.88999938964844,44.33000183105469,45.84000015258789,40.34156799316406,988500
2015-10-05,46.18000030517578,46.56999969482422,46.08000183105469,46.459999084472656,40.88719940185547,685400
2015-10-06,45.900001525878906,46.119998931884766,45.77000045776367,45.84000015258789,40.34156799316406,823500
2015-10-07,47.459999084472656,47.84000015258789,47.04999923706055,47.5099983215332,41.811248779296875,808800
2015-10-08,47.04999923706055,47.900001525878906,47.04999923706055,47.86000061035156,42.11928939819336,527300
2015-10-09,47.810001373291016,47.97999954223633,47.279998779296875,47.540000915527344,41.83766174316406,631100
2015-10-12,47.9900016784668,48.0,47.529998779296875,47.61000061035156,41.899261474609375,187600
2015-10-13,47.2400016784668,47.65999984741211,47.040000915527344,47.040000915527344,41.397640228271484,209700
2015-10-14,47.290000915527344,47.599998474121094,47.04999923706055,47.11000061035156,41.4592399597168,488900
2015-10-15,48.27000045776367,48.81999969482422,48.04999923706055,48.81999969482422,42.96412658691406,886300
2015-10-16,48.619998931884766,48.91999816894531,48.459999084472656,48.91999816894531,43.052127838134766,716900
2015-10-19,48.540000915527344,48.560001373291016,48.22999954223633,48.4900016784668,42.67371368408203,352300
2015-10-20,48.40999984741211,48.619998931884766,48.310001373291016,48.5,42.68251037597656,236800
2015-10-21,48.27000045776367,48.38999938964844,47.779998779296875,47.88999938964844,42.14567184448242,577700
2015-10-22,48.349998474121094,49.119998931884766,48.349998474121094,49.0099983215332,43.13132858276367,523400
2015-10-23,49.79999923706055,50.06999969482422,49.45000076293945,49.88999938964844,43.90578079223633,593100
2015-10-26,48.86000061035156,49.0099983215332,48.63999938964844,48.900001525878906,43.03453826904297,1554300
2015-10-27,48.41999816894531,48.59000015258789,48.2599983215332,48.529998779296875,42.70890426635742,305100
2015-10-28,48.380001068115234,48.560001373291016,47.540000915527344,47.959999084472656,42.207279205322266,616500
2015-10-29,47.45000076293945,47.63999938964844,47.380001068115234,47.45000076293945,41.758453369140625,861900
2015-10-30,47.58000183105469,47.58000183105469,47.290000915527344,47.29999923706055,41.626441955566406,396100
2015-11-02,47.25,47.790000915527344,47.220001220703125,47.7599983215332,42.03127670288086,290600
2015-11-03,47.400001525878906,48.06999969482422,47.38999938964844,47.83000183105469,42.09287643432617,344500
2015-11-04,48.880001068115234,48.97999954223633,48.16999816894531,48.349998474121094,42.55051040649414,541000
2015-11-05,48.560001373291016,48.810001373291016,48.400001525878906,48.58000183105469,42.75292205810547,942800
2015-11-06,48.0099983215332,48.380001068115234,47.720001220703125,48.27000045776367,42.480098724365234,422700
2015-11-09,47.900001525878906,47.959999084472656,47.099998474121094,47.2599983215332,41.591243743896484,475300
2015-11-10,47.099998474121094,47.16999816894531,46.810001373291016,46.959999084472656,41.32722473144531,364900
2015-11-11,47.400001525878906,47.400001525878906,46.970001220703125,47.040000915527344,41.397640228271484,199400
2015-11-12,47.529998779296875,47.58000183105469,46.95000076293945,46.9900016784668,41.35364532470703,303600
2015-11-13,46.459999084472656,46.5099983215332,46.0,46.20000076293945,40.658390045166016,491900
2015-11-16,46.290000915527344,47.04999923706055,46.290000915527344,46.9900016784668,41.35364532470703,775300
2015-11-17,46.900001525878906,47.0099983215332,46.630001068115234,46.75,41.14242172241211,2728800
2015-11-18,46.65999984741211,47.220001220703125,46.65999984741211,47.209999084472656,41.54724884033203,367500
2015-11-19,47.279998779296875,47.61000061035156,47.22999954223633,47.29999923706055,41.626441955566406,561900
2015-11-20,47.869998931884766,48.189998626708984,47.869998931884766,48.02000045776367,42.26008987426758,1005700
2015-11-23,47.77000045776367,47.86000061035156,47.540000915527344,47.630001068115234,41.9168586730957,246800
2015-11-24,47.02000045776367,47.84000015258789,47.02000045776367,47.63999938964844,41.92566680908203,301500
2015-11-25,47.4900016784668,47.58000183105469,47.279998779296875,47.47999954223633,41.78485870361328,789400
2015-11-27,46.279998779296875,46.47999954223633,46.04999923706055,46.2599983215332,40.711185455322266,1886800
2015-11-30,46.220001220703125,46.77000045776367,46.20000076293945,46.75,41.14242172241211,1917500
2015-12-01,46.689998626708984,47.029998779296875,46.63999938964844,46.95000076293945,41.31843566894531,2184000
2015-12-02,46.959999084472656,47.040000915527344,46.47999954223633,46.560001373291016,40.97521209716797,2152000
2015-12-03,46.79999923706055,46.79999923706055,46.029998779296875,46.2599983215332,40.711185455322266,662000
2015-12-04,46.18000030517578,46.90999984741211,46.18000030517578,46.75,41.14242172241211,507900
2015-12-07,46.5,46.5,46.02000045776367,46.27000045776367,40.71998977661133,672000
2015-12-08,45.22999954223633,45.709999084472656,45.02000045776367,45.619998931884766,40.1479606628418,912000
2015-12-09,45.34000015258789,45.869998931884766,45.02000045776367,45.209999084472656,39.78714370727539,694400
2015-12-10,44.959999084472656,45.189998626708984,44.72999954223633,44.91999816894531,39.531925201416016,1931400
2015-12-11,44.02000045776367,44.040000915527344,43.560001373291016,43.65999984741211,38.423057556152344,1055300
2015-12-14,44.0099983215332,44.2400016784668,43.56999969482422,44.20000076293945,38.89828872680664,569800
2015-12-15,44.849998474121094,45.2400016784668,44.779998779296875,44.939998626708984,39.54951858520508,1011000
2015-12-16,45.5,45.880001068115234,45.02000045776367,45.689998626708984,40.20956039428711,622700
2015-12-17,45.72999954223633,45.83000183105469,45.11000061035156,45.119998931884766,39.70793914794922,1154400
2015-12-18,45.380001068115234,45.630001068115234,45.11000061035156,45.349998474121094,39.91034698486328,2987700
2015-12-21,45.2599983215332,45.27000045776367,44.709999084472656,45.150001525878906,40.295005798339844,2700300
2015-12-22,45.02000045776367,45.349998474121094,44.849998474121094,45.279998779296875,40.4110221862793,964700
2015-12-23,45.72999954223633,46.029998779296875,45.70000076293945,45.95000076293945,41.00897216796875,885000
2015-12-24,45.81999969482422,45.959999084472656,45.75,45.810001373291016,40.884033203125,177600
2015-12-28,45.220001220703125,45.27000045776367,44.90999984741211,45.209999084472656,40.34855270385742,1297500
2015-12-29,45.369998931884766,45.4900016784668,45.15999984741211,45.29999923706055,40.428863525390625,4712800
2015-12-30,44.81999969482422,45.0,44.709999084472656,44.7599983215332,39.946937561035156,927700
2015-12-31,44.650001525878906,44.90999984741211,44.52000045776367,44.619998931884766,39.82198715209961,400400
2016-01-04,43.060001373291016,43.20000076293945,42.599998474121094,43.06999969482422,38.43867111206055,647200
2016-01-05,43.060001373291016,43.15999984741211,42.77000045776367,43.029998779296875,38.40296173095703,1168100
2016-01-06,42.13999938964844,42.540000915527344,42.06999969482422,42.310001373291016,37.76039505004883,2661500
2016-01-07,40.90999984741211,41.66999816894531,40.54999923706055,40.58000183105469,36.21641159057617,1963000
2016-01-08,40.86000061035156,40.9900016784668,39.97999954223633,39.97999954223633,35.680931091308594,1641700
2016-01-11,40.11000061035156,40.27000045776367,39.380001068115234,39.810001373291016,35.52920913696289,889500
2016-01-12,40.02000045776367,40.29999923706055,39.59000015258789,39.91999816894531,35.62738037109375,3808200
2016-01-13,40.040000915527344,40.150001525878906,38.90999984741211,39.060001373291016,34.859859466552734,1370000
2016-01-14,39.040000915527344,39.75,38.619998931884766,39.56999969482422,35.31501770019531,1649400
2016-01-15,37.779998779296875,38.029998779296875,37.150001525878906,37.79999923706055,33.735347747802734,1199400
2016-01-19,38.9900016784668,39.16999816894531,38.2599983215332,38.65999984741211,34.502872467041016,1022500
2016-01-20,37.310001373291016,37.88999938964844,36.599998474121094,37.540000915527344,33.5033073425293,1957300
2016-01-21,37.47999954223633,38.18000030517578,37.119998931884766,37.720001220703125,33.66395568847656,964800
2016-01-22,38.90999984741211,39.029998779296875,38.54999923706055,38.95000076293945,34.761695861816406,1052000
2016-01-25,38.599998474121094,38.68000030517578,38.119998931884766,38.150001525878906,34.04771041870117,1067300
2016-01-26,38.099998474121094,38.5099983215332,38.0099983215332,38.40999984741211,34.27975845336914,418100
2016-01-27,37.959999084472656,38.4900016784668,37.61000061035156,37.81999969482422,33.75320053100586,604900
2016-01-28,38.540000915527344,38.66999816894531,37.88999938964844,38.16999816894531,34.06555938720703,2259500
2016-01-29,38.84000015258789,39.29999923706055,38.7400016784668,39.279998779296875,35.05620574951172,972700
2016-02-01,38.5099983215332,38.75,38.31999969482422,38.630001068115234,34.47610855102539,490000
2016-02-02,38.4900016784668,38.4900016784668,37.41999816894531,37.56999969482422,33.53007888793945,3637600
2016-02-03,37.779998779296875,38.16999816894531,36.9900016784668,38.11000061035156,34.01201248168945,1122400
2016-02-04,37.97999954223633,38.33000183105469,37.56999969482422,37.7400016784668,33.68180847167969,536700
2016-02-05,37.93000030517578,37.93000030517578,37.18000030517578,37.369998931884766,33.35158920288086,445800
2016-02-08,36.79999923706055,36.86000061035156,36.09000015258789,36.58000183105469,32.646541595458984,1002500
2016-02-09,36.0,36.529998779296875,35.79999923706055,36.04999923706055,32.17353057861328,1827000
2016-02-10,36.52000045776367,37.11000061035156,36.310001373291016,36.34000015258789,32.43233871459961,885600
2016-02-11,35.38999938964844,35.97999954223633,35.27000045776367,35.70000076293945,31.861162185668945,774300
2016-02-12,36.0,36.59000015258789,35.93000030517578,36.560001373291016,32.628684997558594,540500
2016-02-16,37.70000076293945,38.060001373291016,37.68000030517578,38.029998779296875,33.94061279296875,1242700
2016-02-17,38.25,38.77000045776367,38.220001220703125,38.65999984741211,34.502872467041016,405500
2016-02-18,38.95000076293945,38.9900016784668,38.2400016784668,38.29999923706055,34.181583404541016,981800
2016-02-19,38.40999984741211,38.7400016784668,38.279998779296875,38.540000915527344,34.395782470703125,301700
2016-02-22,39.18000030517578,39.61000061035156,39.16999816894531,39.54999923706055,35.29716873168945,371700
2016-02-23,39.04999923706055,39.13999938964844,38.47999954223633,38.4900016784668,34.351158142089844,553000
2016-02-24,37.900001525878906,38.689998626708984,37.54999923706055,38.54999923706055,34.40470504760742,1156500
2016-02-25,37.90999984741211,38.400001525878906,37.630001068115234,38.38999938964844,34.26190185546875,1956600
2016-02-26,38.810001373291016,38.93000030517578,38.41999816894531,38.43000030517578,34.297607421875,576700
2016-02-29,38.43000030517578,38.79999923706055,38.33000183105469,38.349998474121094,34.2262077331543,1134900
2016-03-01,39.060001373291016,39.779998779296875,39.02000045776367,39.68000030517578,35.41318893432617,906400
2016-03-02,39.97999954223633,40.380001068115234,39.880001068115234,40.34000015258789,36.002220153808594,1625500
2016-03-03,39.95000076293945,40.380001068115234,39.90999984741211,40.31999969482422,35.984375,689500
2016-03-04,40.83000183105469,41.61000061035156,40.61000061035156,41.40999984741211,36.95716857910156,2238100
2016-03-07,40.880001068115234,41.209999084472656,40.689998626708984,41.0,36.591251373291016,949600
2016-03-08,40.529998779296875,40.529998779296875,40.0099983215332,40.08000183105469,35.770172119140625,906500
2016-03-09,40.31999969482422,40.459999084472656,40.11000061035156,40.22999954223633,35.90404510498047,857000
2016-03-10,40.349998474121094,40.5,39.470001220703125,39.90999984741211,35.61846160888672,1079900
2016-03-11,40.790000915527344,41.31999969482422,40.7400016784668,41.310001373291016,36.867923736572266,669700
2016-03-14,41.20000076293945,41.5099983215332,41.189998626708984,41.33000183105469,36.88577651977539,501000
2016-03-15,40.900001525878906,41.09000015258789,40.63999938964844,41.040000915527344,36.626949310302734,414700
2016-03-16,40.630001068115234,41.59000015258789,40.5099983215332,41.4900016784668,37.028568267822266,583600
2016-03-17,41.400001525878906,41.88999938964844,41.27000045776367,41.7599983215332,37.26952362060547,613300
2016-03-18,42.150001525878906,42.439998626708984,42.119998931884766,42.150001525878906,37.617591857910156,1077300
2016-03-21,42.400001525878906,42.560001373291016,42.2400016784668,42.380001068115234,37.8228645324707,709800
2016-03-22,42.029998779296875,42.290000915527344,41.90999984741211,42.08000183105469,37.55512237548828,609300
2016-03-23,41.97999954223633,41.9900016784668,41.400001525878906,41.439998626708984,36.98394012451172,748800
2016-03-24,41.040000915527344,41.25,40.77000045776367,41.2400016784668,36.805442810058594,2437700
2016-03-28,41.2599983215332,41.59000015258789,41.20000076293945,41.54999923706055,37.08210754394531,503900
2016-03-29,41.22999954223633,42.099998474121094,41.13999938964844,42.060001373291016,37.537269592285156,471300
2016-03-30,42.63999938964844,42.91999816894531,42.529998779296875,42.56999969482422,37.99242401123047,1026500
2016-03-31,42.560001373291016,42.79999923706055,42.40999984741211,42.5099983215332,37.93887710571289,1044200
2016-04-01,41.65999984741211,42.5,41.470001220703125,42.36000061035156,37.80501174926758,688500
2016-04-04,42.369998931884766,42.459999084472656,41.810001373291016,41.869998931884766,37.36769485473633,556900
2016-04-05,41.369998931884766,41.45000076293945,40.95000076293945,41.0,36.591251373291016,531700
2016-04-06,41.18000030517578,41.90999984741211,41.119998931884766,41.900001525878906,37.394474029541016,689400
2016-04-07,41.5,41.54999923706055,40.97999954223633,41.189998626708984,36.76081848144531,561900
2016-04-08,41.90999984741211,42.0099983215332,41.4900016784668,41.56999969482422,37.09996032714844,1207900
2016-04-11,42.209999084472656,42.5,42.02000045776367,42.029998779296875,37.510494232177734,669800
2016-04-12,42.310001373291016,42.849998474121094,42.029998779296875,42.619998931884766,38.037044525146484,526200
2016-04-13,43.81999969482422,44.150001525878906,43.81999969482422,44.099998474121094,39.357906341552734,1095000
2016-04-14,43.97999954223633,44.13999938964844,43.880001068115234,44.029998779296875,39.295433044433594,953400
2016-04-15,43.790000915527344,43.79999923706055,43.43000030517578,43.470001220703125,38.79564666748047,1135900
2016-04-18,43.47999954223633,43.9900016784668,43.33000183105469,43.790000915527344,39.08123779296875,620300
2016-04-19,43.939998626708984,44.279998779296875,43.84000015258789,44.2400016784668,39.48285675048828,940900
2016-04-20,43.459999084472656,44.060001373291016,43.380001068115234,43.79999923706055,39.09016418457031,1775600
2016-04-21,43.869998931884766,43.869998931884766,43.369998931884766,43.470001220703125,38.79564666748047,693300
2016-04-22,43.45000076293945,43.70000076293945,43.119998931884766,43.279998779296875,38.626075744628906,699800
2016-04-25,42.959999084472656,43.029998779296875,42.709999084472656,42.93000030517578,38.313720703125,733600
2016-04-26,42.95000076293945,43.09000015258789,42.779998779296875,43.02000045776367,38.39404296875,731500
2016-04-27,42.72999954223633,43.36000061035156,42.709999084472656,43.189998626708984,38.54575729370117,861400
2016-04-28,42.900001525878906,43.25,42.7400016784668,42.79999923706055,38.197696685791016,845600
2016-04-29,42.380001068115234,42.54999923706055,41.97999954223633,42.27000045776367,37.72468566894531,1040500
2016-05-02,42.38999938964844,42.38999938964844,41.91999816894531,42.099998474121094,37.572967529296875,1091800
2016-05-03,41.560001373291016,41.560001373291016,41.06999969482422,41.119998931884766,36.69834518432617,1766100
2016-05-04,40.959999084472656,41.060001373291016,40.529998779296875,40.68000030517578,36.305660247802734,1556100
2016-05-05,41.04999923706055,41.209999084472656,40.689998626708984,40.810001373291016,36.42168426513672,815400
2016-05-06,40.439998626708984,40.81999969482422,40.369998931884766,40.63999938964844,36.26995849609375,1083000
2016-05-09,40.369998931884766,40.4900016784668,39.95000076293945,39.9900016784668,35.689857482910156,1289000
2016-05-10,40.279998779296875,40.7400016784668,40.279998779296875,40.68000030517578,36.305660247802734,1134700
2016-05-11,40.36000061035156,40.540000915527344,40.20000076293945,40.20000076293945,35.87727737426758,996100
2016-05-12,40.40999984741211,40.5,39.91999816894531,40.0099983215332,35.70770263671875,701700
2016-05-13,39.810001373291016,39.939998626708984,39.2400016784668,39.38999938964844,35.15436935424805,1051800
2016-05-16,40.0,40.529998779296875,39.970001220703125,40.369998931884766,36.028987884521484,2325100
2016-05-17,40.29999923706055,40.5,40.06999969482422,40.220001220703125,35.8951301574707,468000
2016-05-18,40.0,40.41999816894531,39.66999816894531,39.869998931884766,35.5827522277832,1158800
2016-05-19,39.63999938964844,39.7400016784668,39.279998779296875,39.52000045776367,35.27040100097656,4890600
2016-05-20,39.93000030517578,40.150001525878906,39.88999938964844,40.0,35.69878387451172,2281800
2016-05-23,39.93000030517578,40.150001525878906,39.880001068115234,39.95000076293945,35.65415954589844,1368300
2016-05-24,40.220001220703125,40.849998474121094,40.189998626708984,40.70000076293945,36.32350540161133,876200
2016-05-25,40.959999084472656,41.27000045776367,40.959999084472656,41.099998474121094,36.68049621582031,1146500
2016-05-26,41.04999923706055,41.13999938964844,40.91999816894531,41.119998931884766,36.69834518432617,796100
2016-05-27,41.470001220703125,41.630001068115234,41.27000045776367,41.5099983215332,37.046409606933594,1114500
2016-05-31,41.93000030517578,42.41999816894531,41.790000915527344,42.25,37.70683670043945,3497400
2016-06-01,41.91999816894531,42.0099983215332,41.689998626708984,41.779998779296875,37.287376403808594,1453100
2016-06-02,41.79999923706055,42.189998626708984,41.72999954223633,42.13999938964844,37.60866928100586,754600
2016-06-03,42.11000061035156,42.220001220703125,41.790000915527344,42.119998931884766,37.590816497802734,1484900
2016-06-06,42.40999984741211,42.810001373291016,42.33000183105469,42.689998626708984,38.09952163696289,838200
2016-06-07,43.029998779296875,43.189998626708984,42.939998626708984,42.9900016784668,38.36726379394531,1980100
2016-06-08,42.970001220703125,43.08000183105469,42.790000915527344,42.88999938964844,38.278018951416016,1594700
2016-06-09,42.459999084472656,42.709999084472656,42.400001525878906,42.630001068115234,38.04596710205078,1008300
2016-06-10,41.68000030517578,41.81999969482422,41.41999816894531,41.56999969482422,37.09996032714844,1139100
2016-06-13,40.84000015258789,41.27000045776367,40.75,40.810001373291016,36.42168426513672,1081000
2016-06-14,40.84000015258789,41.09000015258789,40.5,40.939998626708984,36.53770446777344,1662500
2016-06-15,41.22999954223633,41.5,41.08000183105469,41.150001525878906,36.725128173828125,1211900
2016-06-16,40.5,41.16999816894531,40.16999816894531,41.099998474121094,36.68049621582031,1182900
2016-06-17,40.88999938964844,40.88999938964844,40.52000045776367,40.779998779296875,36.3949089050293,933000
2016-06-20,41.439998626708984,41.77000045776367,41.40999984741211,41.439998626708984,36.98394012451172,1054900
2016-06-21,41.72999954223633,41.88999938964844,41.5,41.779998779296875,37.287376403808594,1156300
2016-06-22,41.849998474121094,42.06999969482422,41.650001525878906,41.66999816894531,37.460880279541016,1947500
2016-06-23,42.27000045776367,42.63999938964844,42.16999816894531,42.61000061035156,38.30592727661133,1335200
2016-06-24,40.400001525878906,41.400001525878906,40.209999084472656,40.380001068115234,36.30118179321289,2189100
2016-06-27,40.36000061035156,40.36000061035156,39.560001373291016,40.0,35.959571838378906,2218900
2016-06-28,40.790000915527344,41.09000015258789,40.58000183105469,40.9900016784668,36.84957504272461,3098100
2016-06-29,41.650001525878906,41.86000061035156,41.650001525878906,41.77000045776367,37.5507926940918,1513500
2016-06-30,42.02000045776367,42.63999938964844,41.959999084472656,42.38999938964844,38.108150482177734,918600
2016-07-01,42.54999923706055,42.869998931884766,42.380001068115234,42.70000076293945,38.3868408203125,708000
2016-07-05,41.9900016784668,42.08000183105469,41.66999816894531,41.84000015258789,37.61371994018555,979900
2016-07-06,41.290000915527344,41.79999923706055,41.119998931884766,41.779998779296875,37.55977249145508,1439700
2016-07-07,41.849998474121094,42.060001373291016,41.5099983215332,41.70000076293945,37.48785400390625,1241100
2016-07-08,42.02000045776367,42.41999816894531,41.900001525878906,42.34000015258789,38.063201904296875,1191800
2016-07-11,42.47999954223633,43.099998474121094,42.47999954223633,42.93000030517578,38.59360885620117,776900
2016-07-12,43.400001525878906,43.720001220703125,43.400001525878906,43.560001373291016,39.15997314453125,1334900
2016-07-13,43.41999816894531,43.43000030517578,43.099998474121094,43.310001373291016,38.93522262573242,1170300
2016-07-14,43.72999954223633,44.0099983215332,43.68000030517578,43.93000030517578,39.492591857910156,1314300
2016-07-15,44.02000045776367,44.02000045776367,43.689998626708984,43.83000183105469,39.40270233154297,875100
2016-07-18,43.72999954223633,44.2400016784668,43.630001068115234,44.22999954223633,39.76229476928711,622700
2016-07-19,43.72999954223633,43.81999969482422,43.45000076293945,43.54999923706055,39.15098190307617,893600
2016-07-20,43.959999084472656,44.130001068115234,43.880001068115234,44.099998474121094,39.64542770385742,349800
2016-07-21,44.06999969482422,44.2599983215332,43.900001525878906,44.02000045776367,39.573509216308594,1066200
2016-07-22,44.099998474121094,44.290000915527344,44.060001373291016,44.290000915527344,39.81623458862305,365100
2016-07-25,44.20000076293945,44.20000076293945,43.86000061035156,43.959999084472656,39.51956558227539,486200
2016-07-26,44.16999816894531,44.470001220703125,44.150001525878906,44.470001220703125,39.97805404663086,358200
2016-07-27,44.36000061035156,44.470001220703125,44.0099983215332,44.36000061035156,39.8791618347168,876200
2016-07-28,44.279998779296875,44.279998779296875,44.060001373291016,44.220001220703125,39.7533073425293,505800
2016-07-29,43.849998474121094,44.13999938964844,43.66999816894531,44.02000045776367,39.573509216308594,757300
2016-08-01,44.11000061035156,44.279998779296875,43.93000030517578,44.040000915527344,39.591495513916016,883100
2016-08-02,43.83000183105469,43.97999954223633,43.5,43.83000183105469,39.40270233154297,1323600
2016-08-03,43.619998931884766,43.959999084472656,43.56999969482422,43.90999984741211,39.4746208190918,977800
2016-08-04,44.0,44.220001220703125,43.880001068115234,44.04999923706055,39.60047912597656,576500
2016-08-05,44.369998931884766,44.75,44.369998931884766,44.75,40.229766845703125,574300
2016-08-08,44.95000076293945,45.099998474121094,44.93000030517578,45.02000045776367,40.472496032714844,773800
2016-08-09,45.2599983215332,45.459999084472656,45.189998626708984,45.29999923706055,40.72420883178711,182300
2016-08-10,45.369998931884766,45.47999954223633,45.150001525878906,45.22999954223633,40.661277770996094,1410300
2016-08-11,45.91999816894531,46.2599983215332,45.88999938964844,46.18000030517578,41.515323638916016,1493500
2016-08-12,46.119998931884766,46.59000015258789,46.119998931884766,46.560001373291016,41.85694122314453,964900
2016-08-15,47.099998474121094,47.40999984741211,47.0099983215332,47.380001068115234,42.594112396240234,2051000
2016-08-16,47.40999984741211,47.40999984741211,47.029998779296875,47.25,42.47724533081055,1603200
2016-08-17,47.040000915527344,47.22999954223633,46.720001220703125,47.16999816894531,42.40531921386719,3051900
2016-08-18,47.36000061035156,47.529998779296875,47.27000045776367,47.459999084472656,42.6660270690918,1393800
2016-08-19,47.29999923706055,47.40999984741211,47.06999969482422,47.369998931884766,42.58512878417969,1137700
2016-08-22,47.209999084472656,47.209999084472656,46.81999969482422,46.939998626708984,42.19855499267578,1567200
2016-08-23,47.16999816894531,47.349998474121094,46.849998474121094,46.849998474121094,42.11764907836914,1044900
2016-08-24,46.869998931884766,46.869998931884766,46.529998779296875,46.63999938964844,41.92885971069336,1536300
2016-08-25,46.439998626708984,46.75,46.439998626708984,46.630001068115234,41.91987228393555,825500
2016-08-26,46.75,47.290000915527344,46.220001220703125,46.58000183105469,41.87492370605469,1491000
2016-08-29,46.779998779296875,47.0099983215332,46.65999984741211,46.84000015258789,42.1086540222168,1092100
2016-08-30,47.119998931884766,47.41999816894531,47.11000061035156,47.22999954223633,42.459259033203125,479700
2016-08-31,46.93000030517578,46.93000030517578,46.5,46.7599983215332,42.03673553466797,1527800
2016-09-01,47.0,47.22999954223633,46.869998931884766,47.099998474121094,42.34239196777344,764600
2016-09-02,47.7599983215332,48.099998474121094,47.72999954223633,47.91999816894531,43.079566955566406,2021200
2016-09-06,48.689998626708984,49.150001525878906,48.689998626708984,49.130001068115234,44.16735076904297,2879200
2016-09-07,49.04999923706055,49.04999923706055,48.810001373291016,48.90999984741211,43.96957015991211,1829600
2016-09-08,49.06999969482422,49.43000030517578,49.029998779296875,49.2599983215332,44.28420639038086,1538300
2016-09-09,48.939998626708984,48.939998626708984,47.97999954223633,48.029998779296875,43.1784553527832,1464300
2016-09-12,47.209999084472656,48.459999084472656,47.13999938964844,48.36000061035156,43.475120544433594,1444800
2016-09-13,47.529998779296875,47.7400016784668,46.900001525878906,47.43000030517578,42.639060974121094,3391200
2016-09-14,47.70000076293945,47.95000076293945,47.470001220703125,47.54999923706055,42.74694061279297,2739100
2016-09-15,47.880001068115234,48.5,47.75,48.31999969482422,43.43915557861328,2144600
2016-09-16,48.13999938964844,48.25,47.83000183105469,48.209999084472656,43.34027099609375,1211800
2016-09-19,48.36000061035156,48.560001373291016,48.040000915527344,48.06999969482422,43.214412689208984,1165300
2016-09-20,48.459999084472656,48.4900016784668,48.09000015258789,48.09000015258789,43.232398986816406,629000
2016-09-21,48.58000183105469,49.5,48.58000183105469,49.400001525878906,44.41007614135742,1802700
2016-09-22,49.68000030517578,49.95000076293945,49.63999938964844,49.88999938964844,44.85057067871094,1482000
2016-09-23,49.369998931884766,49.400001525878906,49.06999969482422,49.08000183105469,44.12239074707031,787600
2016-09-26,48.369998931884766,48.470001220703125,48.06999969482422,48.09000015258789,43.232398986816406,928500
2016-09-27,48.5,48.810001373291016,48.45000076293945,48.720001220703125,43.79875183105469,3954100
2016-09-28,48.79999923706055,49.11000061035156,48.400001525878906,49.04999923706055,44.095420837402344,1190700
2016-09-29,48.90999984741211,49.0099983215332,48.20000076293945,48.40999984741211,43.52006912231445,2129800
2016-09-30,48.439998626708984,48.689998626708984,48.22999954223633,48.5,43.600975036621094,1157400
2016-10-03,48.47999954223633,48.65999984741211,48.310001373291016,48.61000061035156,43.69987106323242,953500
2016-10-04,48.75,48.970001220703125,48.290000915527344,48.439998626708984,43.54703140258789,1025100
2016-10-05,49.04999923706055,49.470001220703125,48.9900016784668,49.459999084472656,44.464012145996094,2555100
2016-10-06,49.36000061035156,49.5099983215332,49.13999938964844,49.439998626708984,44.44602966308594,570100
2016-10-07,49.36000061035156,49.369998931884766,48.7599983215332,48.97999954223633,44.03248977661133,886700
2016-10-10,49.189998626708984,49.93000030517578,49.189998626708984,49.7599983215332,44.733699798583984,1377200
2016-10-11,48.880001068115234,48.97999954223633,48.13999938964844,48.36000061035156,43.475120544433594,2428300
2016-10-12,48.2400016784668,48.40999984741211,48.04999923706055,48.380001068115234,43.493099212646484,7479400
2016-10-13,47.369998931884766,47.75,47.029998779296875,47.630001068115234,42.8188591003418,1795300
2016-10-14,48.06999969482422,48.22999954223633,47.720001220703125,47.84000015258789,43.00764083862305,1075200
2016-10-17,47.52000045776367,47.77000045776367,47.5099983215332,47.56999969482422,42.76491928100586,1060000
2016-10-18,48.5,48.5,48.209999084472656,48.2599983215332,43.385215759277344,891800
2016-10-19,48.310001373291016,48.4900016784668,48.189998626708984,48.40999984741211,43.52006912231445,442300
2016-10-20,48.27000045776367,48.43000030517578,48.130001068115234,48.25,43.37623596191406,890700
2016-10-21,48.04999923706055,48.38999938964844,47.9900016784668,48.369998931884766,43.48410415649414,850600
2016-10-24,48.63999938964844,48.779998779296875,48.52000045776367,48.59000015258789,43.681884765625,806800
2016-10-25,48.68000030517578,48.68000030517578,48.380001068115234,48.400001525878906,43.51107406616211,914100
2016-10-26,48.029998779296875,48.18000030517578,47.79999923706055,47.939998626708984,43.0975456237793,875500
2016-10-27,47.709999084472656,47.81999969482422,47.459999084472656,47.52000045776367,42.719974517822266,514100
2016-10-28,47.34000015258789,47.5,46.91999816894531,47.099998474121094,42.34239196777344,1217500
2016-10-31,47.189998626708984,47.25,47.029998779296875,47.06999969482422,42.315425872802734,997300
2016-11-01,47.59000015258789,47.59000015258789,46.650001525878906,47.06999969482422,42.315425872802734,1079800
2016-11-02,46.97999954223633,47.02000045776367,46.060001373291016,46.29999923706055,41.62320327758789,1426700
2016-11-03,46.369998931884766,46.47999954223633,46.099998474121094,46.2400016784668,41.56926345825195,1546900
2016-11-04,45.959999084472656,46.08000183105469,45.75,45.849998474121094,41.218650817871094,1866200
2016-11-07,46.90999984741211,47.52000045776367,46.90999984741211,47.29999923706055,42.52218246459961,2708200
2016-11-08,47.040000915527344,47.86000061035156,46.959999084472656,47.58000183105469,42.77391052246094,1500700
2016-11-09,46.38999938964844,46.939998626708984,46.25,46.40999984741211,41.72209167480469,3748000
2016-11-10,46.52000045776367,46.56999969482422,45.380001068115234,45.75,41.12875747680664,2033600
2016-11-11,45.0,45.439998626708984,44.619998931884766,45.279998779296875,40.70623779296875,2021600
2016-11-14,44.970001220703125,45.09000015258789,44.31999969482422,44.61000061035156,40.103904724121094,2345800
2016-11-15,44.900001525878906,45.650001525878906,44.900001525878906,45.5,40.90400695800781,4036300
2016-11-16,45.0,45.279998779296875,44.90999984741211,45.040000915527344,40.490474700927734,1778700
2016-11-17,45.310001373291016,45.4900016784668,45.220001220703125,45.369998931884766,40.78713607788086,2154000
2016-11-18,45.439998626708984,45.5,45.11000061035156,45.33000183105469,40.75118637084961,527400
2016-11-21,45.540000915527344,45.720001220703125,45.47999954223633,45.63999938964844,41.02987289428711,753800
2016-11-22,46.2400016784668,46.2400016784668,45.93000030517578,46.11000061035156,41.452396392822266,1079500
2016-11-23,45.77000045776367,45.93000030517578,45.619998931884766,45.86000061035156,41.22764205932617,787000
2016-11-25,46.279998779296875,46.369998931884766,46.13999938964844,46.22999954223633,41.560272216796875,594000
2016-11-28,46.439998626708984,46.70000076293945,46.31999969482422,46.38999938964844,41.70411682128906,1049300
2016-11-29,46.349998474121094,46.810001373291016,46.290000915527344,46.66999816894531,41.9558219909668,1007300
2016-11-30,46.869998931884766,46.869998931884766,46.5099983215332,46.619998931884766,41.91088104248047,1347300
2016-12-01,46.65999984741211,46.65999984741211,46.08000183105469,46.220001220703125,41.551292419433594,993700
2016-12-02,45.97999954223633,46.18000030517578,45.81999969482422,45.88999938964844,41.254615783691406,669600
2016-12-05,45.72999954223633,46.040000915527344,45.709999084472656,45.95000076293945,41.30855178833008,1033800
2016-12-06,46.0099983215332,46.0099983215332,45.790000915527344,45.91999816894531,41.281578063964844,620700
2016-12-07,46.029998779296875,46.630001068115234,45.939998626708984,46.52000045776367,41.820980072021484,1581700
2016-12-08,46.290000915527344,46.56999969482422,46.22999954223633,46.5099983215332,41.811988830566406,1676700
2016-12-09,46.119998931884766,46.2599983215332,46.06999969482422,46.209999084472656,41.54228973388672,1181000
2016-12-12,45.45000076293945,45.5,45.08000183105469,45.27000045776367,40.697242736816406,1104700
2016-12-13,45.58000183105469,45.970001220703125,45.56999969482422,45.79999923706055,41.173702239990234,1077900
2016-12-14,45.33000183105469,45.869998931884766,44.79999923706055,44.91999816894531,40.38260269165039,1528600
2016-12-15,44.59000015258789,44.68000030517578,44.400001525878906,44.40999984741211,39.92411422729492,3566400
2016-12-16,44.2599983215332,44.41999816894531,43.93000030517578,44.0099983215332,39.564517974853516,1603200
2016-12-19,43.91999816894531,44.040000915527344,43.79999923706055,43.88999938964844,39.456642150878906,1028700
2016-12-20,43.849998474121094,44.0,43.81999969482422,43.90999984741211,39.4746208190918,962100
2016-12-21,43.560001373291016,43.560001373291016,43.31999969482422,43.36000061035156,39.35752487182617,903600
2016-12-22,43.04999923706055,43.04999923706055,42.7400016784668,42.88999938964844,38.930908203125,2741600
2016-12-23,42.709999084472656,42.91999816894531,42.709999084472656,42.79999923706055,38.849220275878906,794900
2016-12-27,42.83000183105469,43.09000015258789,42.83000183105469,42.970001220703125,39.00352478027344,954900
2016-12-28,43.40999984741211,43.54999923706055,43.22999954223633,43.290000915527344,39.29399108886719,653300
2016-12-29,43.68000030517578,44.0099983215332,43.68000030517578,43.84000015258789,39.79322052001953,894000
2016-12-30,44.0,44.119998931884766,43.630001068115234,43.72999954223633,39.69336700439453,809900
2017-01-03,44.18000030517578,44.459999084472656,44.09000015258789,44.189998626708984,40.11091613769531,1333800
2017-01-04,44.34000015258789,44.939998626708984,44.34000015258789,44.77000045776367,40.637367248535156,1085900
2017-01-05,45.18000030517578,45.720001220703125,45.18000030517578,45.61000061035156,41.39982986450195,3145800
2017-01-06,45.5,45.5,45.15999984741211,45.34000015258789,41.15475845336914,1371300
2017-01-09,45.5,45.66999816894531,45.400001525878906,45.5099983215332,41.309059143066406,909800
2017-01-10,45.88999938964844,46.5,45.849998474121094,46.20000076293945,41.93537521362305,2087600
2017-01-11,46.349998474121094,46.47999954223633,46.02000045776367,46.369998931884766,42.08967590332031,1979200
2017-01-12,46.18000030517578,46.2599983215332,45.90999984741211,46.16999816894531,41.90814208984375,1389200
2017-01-13,46.18000030517578,46.439998626708984,46.18000030517578,46.310001373291016,42.035213470458984,975600
2017-01-17,46.220001220703125,46.27000045776367,46.060001373291016,46.220001220703125,41.953529357910156,786900
2017-01-18,46.540000915527344,46.630001068115234,46.29999923706055,46.40999984741211,42.1259880065918,686000
2017-01-19,46.369998931884766,46.400001525878906,46.04999923706055,46.189998626708984,41.926292419433594,1366800
2017-01-20,46.2400016784668,46.290000915527344,45.91999816894531,46.130001068115234,41.87183380126953,585400
2017-01-23,46.209999084472656,46.540000915527344,46.16999816894531,46.5,42.20767593383789,808600
2017-01-24,46.7400016784668,47.029998779296875,46.720001220703125,46.970001220703125,42.63429260253906,1638300
2017-01-25,47.04999923706055,47.290000915527344,47.040000915527344,47.279998779296875,42.915679931640625,539800
2017-01-26,47.38999938964844,47.470001220703125,47.220001220703125,47.279998779296875,42.915679931640625,822200
2017-01-27,47.20000076293945,47.27000045776367,47.02000045776367,47.13999938964844,42.788604736328125,837000
2017-01-30,46.86000061035156,46.9900016784668,46.689998626708984,46.95000076293945,42.61614227294922,709300
2017-01-31,46.810001373291016,47.130001068115234,46.810001373291016,47.0099983215332,42.67060089111328,878900
2017-02-01,47.290000915527344,47.34000015258789,46.900001525878906,47.02000045776367,42.6796760559082,1234500
2017-02-02,46.97999954223633,47.130001068115234,46.849998474121094,47.099998474121094,42.75229263305664,1390200
2017-02-03,47.11000061035156,47.20000076293945,46.9900016784668,47.11000061035156,42.761375427246094,1120300
2017-02-06,47.2400016784668,47.40999984741211,47.2400016784668,47.290000915527344,42.92475509643555,539900
2017-02-07,47.45000076293945,47.540000915527344,47.209999084472656,47.27000045776367,42.9066047668457,909600
2017-02-08,47.689998626708984,48.09000015258789,47.61000061035156,47.959999084472656,43.53291320800781,475600
2017-02-09,48.27000045776367,48.5099983215332,48.209999084472656,48.369998931884766,43.90506362915039,735800
2017-02-10,48.34000015258789,48.56999969482422,48.290000915527344,48.529998779296875,44.05028533935547,1324400
2017-02-13,48.709999084472656,49.029998779296875,48.70000076293945,48.77000045776367,44.26814270019531,2562200
2017-02-14,48.56999969482422,48.75,48.310001373291016,48.65999984741211,44.16829299926758,943100
2017-02-15,48.900001525878906,49.27000045776367,48.88999938964844,49.22999954223633,44.6856803894043,1518800
2017-02-16,49.33000183105469,49.459999084472656,49.18000030517578,49.2400016784668,44.69475555419922,2019300
2017-02-17,48.84000015258789,49.040000915527344,48.77000045776367,49.0099983215332,44.485984802246094,1415600
2017-02-21,49.220001220703125,49.470001220703125,49.150001525878906,49.40999984741211,44.849063873291016,1103900
2017-02-22,49.63999938964844,49.90999984741211,49.63999938964844,49.83000183105469,45.23030090332031,1303100
2017-02-23,50.0,50.02000045776367,49.529998779296875,49.68000030517578,45.094139099121094,1662600
2017-02-24,49.0,49.11000061035156,48.880001068115234,49.08000183105469,44.54951858520508,1148200
2017-02-27,48.79999923706055,48.970001220703125,48.75,48.95000076293945,44.431522369384766,1167900
2017-02-28,48.72999954223633,48.86000061035156,48.619998931884766,48.709999084472656,44.21367645263672,1112300
2017-03-01,49.11000061035156,49.369998931884766,49.02000045776367,49.27000045776367,44.72198486328125,1224000
2017-03-02,48.65999984741211,48.75,48.43000030517578,48.43000030517578,43.95951843261719,1402800
2017-03-03,48.58000183105469,48.72999954223633,48.4900016784668,48.650001525878906,44.15921401977539,718800
2017-03-06,48.54999923706055,48.619998931884766,48.41999816894531,48.599998474121094,44.11381912231445,707200
2017-03-07,48.810001373291016,48.88999938964844,48.68000030517578,48.7599983215332,44.25905990600586,1228800
2017-03-08,49.02000045776367,49.09000015258789,48.720001220703125,48.810001373291016,44.30443572998047,938400
2017-03-09,48.369998931884766,48.5099983215332,48.060001373291016,48.34000015258789,43.877830505371094,759800
2017-03-10,48.540000915527344,48.650001525878906,48.40999984741211,48.599998474121094,44.11381912231445,468000
2017-03-13,49.310001373291016,49.52000045776367,49.25,49.38999938964844,44.83090591430664,850500
2017-03-14,49.33000183105469,49.36000061035156,49.06999969482422,49.11000061035156,44.57675552368164,1317800
2017-03-15,49.310001373291016,50.0,49.150001525878906,49.84000015258789,45.2393684387207,5210500
2017-03-16,50.439998626708984,50.5,50.31999969482422,50.41999816894531,45.76583480834961,4193200
2017-03-17,50.459999084472656,50.459999084472656,50.27000045776367,50.29999923706055,45.65690612792969,1990100
2017-03-20,50.790000915527344,51.06999969482422,50.720001220703125,51.0,46.292293548583984,2678400
2017-03-21,51.25,51.2599983215332,50.119998931884766,50.25,45.61152267456055,2093200
2017-03-22,50.040000915527344,50.540000915527344,49.959999084472656,50.43000030517578,45.77490234375,1681200
2017-03-23,50.29999923706055,50.720001220703125,50.27000045776367,50.540000915527344,45.874755859375,1305800
2017-03-24,50.43000030517578,50.66999816894531,50.380001068115234,50.58000183105469,45.91106033325195,1198700
2017-03-27,50.0,50.459999084472656,49.869998931884766,50.38999938964844,45.73859405517578,1168900
2017-03-28,50.310001373291016,50.72999954223633,50.310001373291016,50.56999969482422,45.90198516845703,1945800
2017-03-29,50.34000015258789,50.59000015258789,50.31999969482422,50.560001373291016,45.892906188964844,950100
2017-03-30,50.189998626708984,50.34000015258789,50.15999984741211,50.279998779296875,45.638755798339844,1172400
2017-03-31,49.9900016784668,50.04999923706055,49.86000061035156,49.93000030517578,45.32106399536133,1875800
2017-04-03,50.22999954223633,50.400001525878906,50.0,50.349998474121094,45.702293395996094,1155500
2017-04-04,50.279998779296875,50.4900016784668,50.189998626708984,50.369998931884766,45.72045135498047,1029000
2017-04-05,50.650001525878906,50.66999816894531,50.310001373291016,50.400001525878906,45.747676849365234,4122700
2017-04-06,50.34000015258789,50.40999984741211,50.189998626708984,50.38999938964844,45.73859405517578,1150500
2017-04-07,50.34000015258789,50.540000915527344,50.18000030517578,50.38999938964844,45.73859405517578,1120200
2017-04-10,50.16999816894531,50.349998474121094,50.130001068115234,50.29999923706055,45.65690612792969,815000
2017-04-11,50.15999984741211,50.189998626708984,49.709999084472656,50.0,45.38459396362305,1515400
2017-04-12,50.209999084472656,50.2400016784668,50.0,50.189998626708984,45.55705261230469,1352500
2017-04-13,50.2400016784668,50.41999816894531,49.970001220703125,49.970001220703125,45.35736846923828,1330600
2017-04-17,50.08000183105469,50.41999816894531,50.0,50.349998474121094,45.702293395996094,5053900
2017-04-18,49.63999938964844,49.79999923706055,49.52000045776367,49.65999984741211,45.075984954833984,925700
2017-04-19,49.790000915527344,49.959999084472656,49.52000045776367,49.599998474121094,45.02152633666992,462100
2017-04-20,50.119998931884766,50.41999816894531,50.099998474121094,50.380001068115234,45.72952651977539,1361100
2017-04-21,50.18000030517578,50.38999938964844,50.15999984741211,50.34000015258789,45.69321823120117,816800
2017-04-24,50.66999816894531,50.790000915527344,50.65999984741211,50.720001220703125,46.03813934326172,598900
2017-04-25,51.29999923706055,51.45000076293945,51.2599983215332,51.310001373291016,46.573673248291016,1067000
2017-04-26,51.290000915527344,51.38999938964844,51.15999984741211,51.220001220703125,46.49198913574219,2760600
2017-04-27,51.119998931884766,51.2599983215332,51.040000915527344,51.130001068115234,46.41029357910156,792000
2017-04-28,51.11000061035156,51.16999816894531,50.93000030517578,51.15999984741211,46.437522888183594,1423600
2017-05-01,51.279998779296875,51.529998779296875,51.220001220703125,51.36000061035156,46.619056701660156,474200
2017-05-02,51.290000915527344,51.529998779296875,51.22999954223633,51.34000015258789,46.60090637207031,1090400
2017-05-03,51.25,51.290000915527344,50.95000076293945,51.130001068115234,46.41029357910156,954200
2017-05-04,50.790000915527344,50.790000915527344,50.310001373291016,50.45000076293945,45.793060302734375,1266300
2017-05-05,50.29999923706055,50.630001068115234,50.209999084472656,50.619998931884766,45.947364807128906,1419300
2017-05-08,50.81999969482422,50.88999938964844,50.650001525878906,50.689998626708984,46.01090621948242,796500
2017-05-09,51.38999938964844,51.77000045776367,51.38999938964844,51.61000061035156,46.845985412597656,1815800
2017-05-10,51.939998626708984,52.099998474121094,51.81999969482422,52.08000183105469,47.27260208129883,1554400
2017-05-11,51.959999084472656,52.04999923706055,51.65999984741211,51.97999954223633,47.18183898925781,1424000
2017-05-12,52.189998626708984,52.45000076293945,52.16999816894531,52.40999984741211,47.572139739990234,1621700
2017-05-15,52.58000183105469,52.970001220703125,52.439998626708984,52.91999816894531,48.03506088256836,2244400
2017-05-16,52.790000915527344,53.189998626708984,52.790000915527344,53.16999816894531,48.261985778808594,1204100
2017-05-17,52.900001525878906,52.900001525878906,52.33000183105469,52.369998931884766,47.53583526611328,1611300
2017-05-18,52.029998779296875,52.650001525878906,51.68000030517578,52.47999954223633,47.63568115234375,1835500
2017-05-19,52.90999984741211,53.38999938964844,52.869998931884766,53.2400016784668,48.32552719116211,1002300
2017-05-22,53.689998626708984,53.93000030517578,53.61000061035156,53.849998474121094,48.87921142578125,981000
2017-05-23,53.7400016784668,53.849998474121094,53.439998626708984,53.5099983215332,48.57059860229492,3336600
2017-05-24,53.560001373291016,53.59000015258789,53.40999984741211,53.540000915527344,48.59783172607422,970100
2017-05-25,54.04999923706055,54.22999954223633,53.9900016784668,54.16999816894531,49.169673919677734,1250900
2017-05-26,54.06999969482422,54.22999954223633,54.029998779296875,54.189998626708984,49.18782424926758,755700
2017-05-30,54.040000915527344,54.2599983215332,54.0099983215332,54.220001220703125,49.215065002441406,1310500
2017-05-31,54.11000061035156,54.11000061035156,53.650001525878906,53.77000045776367,48.80659866333008,1335200
2017-06-01,54.029998779296875,54.43000030517578,53.939998626708984,54.43000030517578,49.40568161010742,1532200
2017-06-02,54.36000061035156,54.4900016784668,54.22999954223633,54.470001220703125,49.441978454589844,473600
2017-06-05,54.38999938964844,54.54999923706055,54.33000183105469,54.380001068115234,49.360294342041016,858000
2017-06-06,54.5099983215332,54.779998779296875,54.470001220703125,54.630001068115234,49.587215423583984,1194700
2017-06-07,54.599998474121094,54.79999923706055,54.54999923706055,54.79999923706055,49.74151611328125,799400
2017-06-08,56.0099983215332,56.06999969482422,55.349998474121094,55.79999923706055,50.649208068847656,2081500
2017-06-09,55.83000183105469,55.97999954223633,54.66999816894531,55.04999923706055,49.968448638916016,2775900
2017-06-12,54.61000061035156,54.77000045776367,54.150001525878906,54.59000015258789,49.550899505615234,3149600
2017-06-13,54.939998626708984,55.08000183105469,54.560001373291016,54.630001068115234,49.587215423583984,4248300
2017-06-14,54.810001373291016,54.88999938964844,54.22999954223633,54.38999938964844,49.36936950683594,1868000
2017-06-15,53.84000015258789,53.869998931884766,53.540000915527344,53.83000183105469,48.861061096191406,1926300
2017-06-16,54.0,54.0,53.65999984741211,53.900001525878906,48.924598693847656,2699200
2017-06-19,54.630001068115234,55.0,54.61000061035156,54.939998626708984,49.86860275268555,1476600
2017-06-20,54.470001220703125,54.540000915527344,54.27000045776367,54.310001373291016,49.469635009765625,1789100
2017-06-21,54.4900016784668,54.7599983215332,54.459999084472656,54.650001525878906,49.779335021972656,1530400
2017-06-22,55.0,55.150001525878906,54.810001373291016,54.93000030517578,50.03437805175781,891700
2017-06-23,54.810001373291016,55.119998931884766,54.810001373291016,55.029998779296875,50.125465393066406,921500
2017-06-26,55.61000061035156,55.77000045776367,55.2599983215332,55.470001220703125,50.52625274658203,1806400
2017-06-27,55.41999816894531,55.45000076293945,54.90999984741211,54.91999816894531,50.025272369384766,1076000
2017-06-28,55.06999969482422,55.369998931884766,54.88999938964844,55.33000183105469,50.39873504638672,1362900
2017-06-29,55.130001068115234,55.130001068115234,54.13999938964844,54.58000183105469,49.715572357177734,2132700
2017-06-30,54.849998474121094,54.939998626708984,54.59000015258789,54.689998626708984,49.815765380859375,1700300
2017-07-03,55.189998626708984,55.36000061035156,54.95000076293945,55.029998779296875,50.125465393066406,995600
2017-07-05,54.68000030517578,55.0,54.41999816894531,54.95000076293945,50.05259704589844,1930700
2017-07-06,54.599998474121094,54.65999984741211,54.189998626708984,54.2400016784668,49.405879974365234,1011200
2017-07-07,54.369998931884766,54.439998626708984,54.13999938964844,54.310001373291016,49.469635009765625,1385100
2017-07-10,54.310001373291016,54.72999954223633,54.290000915527344,54.650001525878906,49.779335021972656,831500
2017-07-11,55.47999954223633,55.70000076293945,55.29999923706055,55.650001525878906,50.69021224975586,963000
2017-07-12,56.40999984741211,56.88999938964844,56.36000061035156,56.81999969482422,51.75593566894531,1679800
2017-07-13,56.880001068115234,56.970001220703125,56.720001220703125,56.939998626708984,51.865230560302734,1307400
2017-07-14,57.18000030517578,57.810001373291016,57.18000030517578,57.7400016784668,52.59394454956055,655200
2017-07-17,57.529998779296875,57.540000915527344,57.220001220703125,57.400001525878906,52.284244537353516,1522100
2017-07-18,57.310001373291016,57.75,57.13999938964844,57.70000076293945,52.55750274658203,737600
2017-07-19,58.47999954223633,58.720001220703125,58.36000061035156,58.439998626708984,53.23154830932617,2272400
2017-07-20,58.529998779296875,58.529998779296875,58.15999984741211,58.20000076293945,53.012939453125,2546700
2017-07-21,58.11000061035156,58.16999816894531,57.939998626708984,58.13999938964844,52.95829391479492,596500
2017-07-24,58.38999938964844,58.54999923706055,58.349998474121094,58.47999954223633,53.26799011230469,1040600
2017-07-25,58.56999969482422,58.650001525878906,58.349998474121094,58.439998626708984,53.23154830932617,1020000
2017-07-26,58.58000183105469,59.060001373291016,58.459999084472656,59.040000915527344,53.778076171875,1742700
2017-07-27,59.47999954223633,59.52000045776367,58.13999938964844,58.7400016784668,53.50481033325195,1676000
2017-07-28,58.779998779296875,59.34000015258789,58.56999969482422,59.2599983215332,53.97846603393555,1474900
2017-07-31,59.75,59.75,59.34000015258789,59.40999984741211,54.1151008605957,1030100
2017-08-01,60.0,60.029998779296875,59.70000076293945,59.810001373291016,54.47945022583008,1325100
2017-08-02,59.81999969482422,59.83000183105469,59.0,59.34000015258789,54.05133819580078,1438500
2017-08-03,59.29999923706055,59.41999816894531,58.959999084472656,59.369998931884766,54.07866287231445,973800
2017-08-04,59.560001373291016,59.65999984741211,59.33000183105469,59.599998474121094,54.28815841674805,673700
2017-08-07,60.0,60.36000061035156,59.939998626708984,60.349998474121094,54.97132110595703,926100
2017-08-08,60.77000045776367,61.150001525878906,60.650001525878906,60.810001373291016,55.39032745361328,1052600
2017-08-09,60.59000015258789,60.66999816894531,60.20000076293945,60.66999816894531,55.2628059387207,1249500
2017-08-10,59.9900016784668,59.9900016784668,58.630001068115234,58.70000076293945,53.468379974365234,2089700
2017-08-11,58.31999969482422,58.7599983215332,58.040000915527344,58.599998474121094,53.377288818359375,1887400
2017-08-14,59.400001525878906,59.52000045776367,59.20000076293945,59.38999938964844,54.09688949584961,745300
2017-08-15,59.369998931884766,59.369998931884766,58.9900016784668,59.310001373291016,54.02402114868164,1356100
2017-08-16,60.349998474121094,60.5,60.2400016784668,60.40999984741211,55.025970458984375,2712200
2017-08-17,60.099998474121094,60.209999084472656,59.310001373291016,59.38999938964844,54.09688949584961,2308600
2017-08-18,59.52000045776367,60.02000045776367,59.290000915527344,59.66999816894531,54.3519287109375,1778900
2017-08-21,60.18000030517578,60.38999938964844,60.02000045776367,60.34000015258789,54.96221923828125,880200
2017-08-22,60.70000076293945,61.220001220703125,60.70000076293945,61.20000076293945,55.74556350708008,3209400
2017-08-23,60.95000076293945,61.65999984741211,60.95000076293945,61.58000183105469,56.09170150756836,1859800
2017-08-24,61.7599983215332,61.790000915527344,61.36000061035156,61.560001373291016,56.073490142822266,913200
2017-08-25,62.13999938964844,62.2400016784668,61.70000076293945,61.7599983215332,56.255653381347656,1474700
2017-08-28,61.7599983215332,61.7599983215332,61.15999984741211,61.27000045776367,55.809326171875,1046900
2017-08-29,60.599998474121094,61.369998931884766,60.529998779296875,61.279998779296875,55.81843185424805,1097000
2017-08-30,61.52000045776367,61.849998474121094,61.41999816894531,61.7599983215332,56.255653381347656,1451600
2017-08-31,61.95000076293945,62.099998474121094,61.79999923706055,62.0,56.47426986694336,1177100
2017-09-01,62.08000183105469,62.209999084472656,61.86000061035156,62.119998931884766,56.58357238769531,775200
2017-09-05,61.59000015258789,61.790000915527344,60.97999954223633,61.31999969482422,55.85487747192383,1357200
2017-09-06,61.630001068115234,61.75,61.369998931884766,61.599998474121094,56.10991287231445,1332600
2017-09-07,61.7599983215332,62.02000045776367,61.630001068115234,62.02000045776367,56.49248504638672,932300
2017-09-08,62.060001373291016,62.060001373291016,61.5099983215332,61.540000915527344,56.055259704589844,1084300
2017-09-11,62.310001373291016,62.849998474121094,62.310001373291016,62.84000015258789,57.23939514160156,903900
2017-09-12,63.040000915527344,63.04999923706055,62.790000915527344,63.0,57.38514709472656,1995400
2017-09-13,63.0,63.279998779296875,62.869998931884766,63.150001525878906,57.52177429199219,3194400
2017-09-14,62.880001068115234,63.209999084472656,62.810001373291016,63.099998474121094,57.47623062133789,3590300
2017-09-15,63.27000045776367,63.75,63.0099983215332,63.650001525878906,57.977210998535156,3057400
2017-09-18,64.08999633789062,64.33999633789062,64.05000305175781,64.26000213623047,58.53285217285156,889100
2017-09-19,64.38999938964844,64.41000366210938,64.06999969482422,64.37999725341797,58.64215087890625,831000
2017-09-20,64.62000274658203,64.70999908447266,63.540000915527344,64.2699966430664,58.541954040527344,2206400
2017-09-21,64.63999938964844,64.63999938964844,64.02999877929688,64.27999877929688,58.55105972290039,1059600
2017-09-22,63.84000015258789,63.93000030517578,63.650001525878906,63.83000183105469,58.141170501708984,1076000
2017-09-25,62.720001220703125,62.77000045776367,61.54999923706055,61.880001068115234,56.364959716796875,3234200
2017-09-26,62.45000076293945,62.59000015258789,61.90999984741211,62.02000045776367,56.49248504638672,3863300
2017-09-27,62.560001373291016,62.70000076293945,62.13999938964844,62.5,56.92970275878906,2153800
2017-09-28,61.81999969482422,62.279998779296875,61.81999969482422,62.20000076293945,56.65644073486328,1447000
2017-09-29,62.45000076293945,63.279998779296875,62.45000076293945,63.09000015258789,57.46712112426758,1816600
2017-10-02,63.5,63.79999923706055,63.349998474121094,63.41999816894531,57.76770782470703,1615300
2017-10-03,64.61000061035156,64.95999908447266,64.38999938964844,64.94000244140625,59.15224838256836,1552100
2017-10-04,64.9000015258789,65.06999969482422,64.7699966430664,64.86000061035156,59.079368591308594,1449800
2017-10-05,65.0999984741211,65.80999755859375,65.08000183105469,65.73999786376953,59.880943298339844,3488900
2017-10-06,65.0199966430664,65.3499984741211,64.9000015258789,65.30999755859375,59.48925018310547,1057000
2017-10-09,65.19999694824219,65.5,65.11000061035156,65.36000061035156,59.534812927246094,619900
2017-10-10,65.62000274658203,66.01000213623047,65.5999984741211,66.01000213623047,60.12687301635742,1551200
2017-10-11,65.41999816894531,65.77999877929688,65.38999938964844,65.75,59.89004898071289,1338300
2017-10-12,65.69999694824219,65.69999694824219,65.2699966430664,65.37999725341797,59.55302429199219,1245700
2017-10-13,65.81999969482422,66.05999755859375,65.66999816894531,65.83999633789062,59.972023010253906,1137500
2017-10-16,66.20999908447266,66.2300033569336,65.97000122070312,66.1500015258789,60.25439453125,664600
2017-10-17,66.02999877929688,66.1500015258789,65.54000091552734,65.58000183105469,59.735206604003906,1377300
2017-10-18,66.08000183105469,66.3499984741211,65.79000091552734,66.19000244140625,60.29084396362305,934400
2017-10-19,65.05000305175781,65.06999969482422,64.61000061035156,65.02999877929688,59.23421859741211,800900
2017-10-20,65.69000244140625,65.72000122070312,65.41999816894531,65.5199966430664,59.6805419921875,1127000
2017-10-23,65.5,65.5,64.86000061035156,64.88999938964844,59.1067008972168,828500
2017-10-24,65.0,65.27999877929688,64.77999877929688,64.83999633789062,59.06114959716797,781200
2017-10-25,65.26000213623047,65.36000061035156,64.02999877929688,64.52999877929688,58.77877426147461,1860500
2017-10-26,64.58999633789062,64.8499984741211,64.30000305175781,64.31999969482422,58.58749771118164,1371000
2017-10-27,64.7300033569336,65.20999908447266,64.33000183105469,65.16999816894531,59.36173629760742,1591900
2017-10-30,64.69000244140625,64.97000122070312,64.3499984741211,64.66999816894531,58.90631103515625,1564300
2017-10-31,64.95999908447266,65.30999755859375,64.87999725341797,65.30000305175781,59.48016357421875,844300
2017-11-01,66.02999877929688,66.2699966430664,65.68000030517578,65.75,59.89004898071289,1257700
2017-11-02,66.0199966430664,66.1500015258789,65.54000091552734,65.8499984741211,59.98113250732422,1489600
2017-11-03,65.91999816894531,66.11000061035156,65.5,65.83000183105469,59.962921142578125,1221800
2017-11-06,66.19000244140625,66.87999725341797,66.18000030517578,66.80999755859375,60.855567932128906,1326900
2017-11-07,67.41999816894531,67.44999694824219,66.95999908447266,67.05000305175781,61.074195861816406,1705800
2017-11-08,67.18000030517578,67.26000213623047,66.97000122070312,67.19999694824219,61.2108039855957,1001600
2017-11-09,67.19000244140625,67.19000244140625,66.37000274658203,67.06999969482422,61.092403411865234,1961200
2017-11-10,67.33999633789062,67.41999816894531,67.08999633789062,67.38999938964844,61.38388442993164,1244100
2017-11-13,67.36000061035156,67.58999633789062,67.11000061035156,67.37000274658203,61.36566925048828,959900
2017-11-14,67.06999969482422,67.12000274658203,66.3499984741211,66.55999755859375,60.62786102294922,1173400
2017-11-15,66.0199966430664,66.27999877929688,65.62999725341797,66.08999633789062,60.199745178222656,2300500
2017-11-16,66.97000122070312,67.80000305175781,66.9000015258789,67.54000091552734,61.52052307128906,1984100
2017-11-17,67.5,67.79000091552734,67.5,67.56999969482422,61.5478401184082,2375500
2017-11-20,68.11000061035156,68.51000213623047,68.05999755859375,68.38999938964844,62.29474639892578,1907600
2017-11-21,69.87000274658203,70.16999816894531,69.77999877929688,69.95999908447266,63.724830627441406,2346000
2017-11-22,69.9000015258789,69.9800033569336,69.58000183105469,69.83999633789062,63.61552429199219,1509000
2017-11-24,69.29000091552734,69.45999908447266,69.16999816894531,69.44999694824219,63.26028823852539,1169600
2017-11-27,68.69999694824219,68.76000213623047,68.13999938964844,68.13999938964844,62.067039489746094,1271300
2017-11-28,68.4800033569336,68.80999755859375,68.18000030517578,68.66999816894531,62.549808502197266,1378600
2017-11-29,68.0,68.0199966430664,66.31999969482422,66.95999908447266,60.992210388183594,2110100
2017-11-30,66.7699966430664,66.7699966430664,66.12000274658203,66.23999786376953,60.33637237548828,2728000
2017-12-01,65.58000183105469,66.0,64.87000274658203,65.30999755859375,59.48925018310547,2859600
2017-12-04,66.02999877929688,66.26000213623047,64.9800033569336,65.04000091552734,59.24332809448242,2125700
2017-12-05,64.68000030517578,65.36000061035156,64.38999938964844,64.75,58.97917175292969,1658100
2017-12-06,63.27000045776367,64.02999877929688,63.16999816894531,63.900001525878906,58.204933166503906,2430800
2017-12-07,63.939998626708984,64.47000122070312,63.84000015258789,64.29000091552734,58.56017303466797,1962100
2017-12-08,65.58000183105469,65.79000091552734,65.37999725341797,65.51000213623047,59.671451568603516,1427800
2017-12-11,66.01000213623047,66.4000015258789,66.01000213623047,66.29000091552734,60.38192367553711,1221400
2017-12-12,65.55000305175781,65.55000305175781,65.16000366210938,65.37000274658203,59.543922424316406,1299100
2017-12-13,66.08000183105469,66.7300033569336,66.08000183105469,66.58999633789062,60.655174255371094,2747300
2017-12-14,66.16999816894531,66.16999816894531,65.72000122070312,65.7300033569336,59.871826171875,1633300
2017-12-15,65.45999908447266,65.76000213623047,65.04000091552734,65.61000061035156,59.76252746582031,5328700
2017-12-18,66.06999969482422,66.43000030517578,66.0,66.25,60.345489501953125,1561500
2017-12-19,65.58999633789062,65.66999816894531,65.08999633789062,65.12000274658203,60.083457946777344,1818600
2017-12-20,65.30999755859375,65.37999725341797,64.9800033569336,65.08999633789062,60.0557746887207,1318300
2017-12-21,65.70999908447266,66.44000244140625,65.70999908447266,66.29000091552734,61.1629638671875,1550000
2017-12-22,66.41999816894531,66.79000091552734,66.29000091552734,66.77999877929688,61.61505889892578,753800
2017-12-26,66.63999938964844,66.69000244140625,66.25,66.44000244140625,61.30136489868164,815800
2017-12-27,66.0999984741211,66.3499984741211,66.0,66.16999816894531,61.05223846435547,1024700
2017-12-28,66.77999877929688,66.80000305175781,66.2699966430664,66.4000015258789,61.26445388793945,1068600
2017-12-29,66.73999786376953,66.75,66.44999694824219,66.54000091552734,61.39363098144531,1298000
2018-01-02,68.36000061035156,69.18000030517578,68.12000274658203,69.12999725341797,63.78330993652344,2333300
2018-01-03,69.44999694824219,69.72000122070312,69.36000061035156,69.68000030517578,64.290771484375,2129600
2018-01-04,70.0999984741211,70.3499984741211,69.88999938964844,70.11000061035156,64.6875228881836,3013100
2018-01-05,70.13999938964844,70.62000274658203,70.05999755859375,70.61000061035156,65.14883422851562,1772800
2018-01-08,70.66999816894531,71.08000183105469,70.58000183105469,70.95999908447266,65.47175598144531,1091800
2018-01-09,71.12000274658203,71.18000030517578,70.6500015258789,71.0,65.50867462158203,2259900
2018-01-10,70.7300033569336,70.87000274658203,70.30000305175781,70.72000122070312,65.25033569335938,2309800
2018-01-11,70.6500015258789,70.9000015258789,70.48999786376953,70.9000015258789,65.41641998291016,1458900
2018-01-12,71.37000274658203,72.01000213623047,71.23999786376953,71.98999786376953,66.42211151123047,1442400
2018-01-16,72.31999969482422,72.66000366210938,71.16000366210938,71.3499984741211,65.83161163330078,2535000
2018-01-17,72.12999725341797,72.62000274658203,71.83999633789062,72.41999816894531,66.8188705444336,1657600
2018-01-18,72.44000244140625,72.62000274658203,72.18000030517578,72.55000305175781,66.93881225585938,2812500
2018-01-19,73.13999938964844,73.4000015258789,72.77999877929688,73.4000015258789,67.72306060791016,2628300
2018-01-22,73.51000213623047,73.93000030517578,73.19000244140625,73.91000366210938,68.19361114501953,2052200
2018-01-23,74.33000183105469,75.0199966430664,74.22000122070312,75.0,69.19930267333984,2311400
2018-01-24,75.3499984741211,75.88999938964844,74.63999938964844,75.19999694824219,69.38383483886719,2977500
2018-01-25,74.5999984741211,75.16000366210938,74.11000061035156,74.69000244140625,68.91327667236328,2228000
2018-01-26,76.04000091552734,76.72000122070312,75.83000183105469,76.72000122070312,70.7862777709961,4320900
2018-01-29,75.5199966430664,75.58999633789062,75.11000061035156,75.23999786376953,69.42074584960938,2866200
2018-01-30,74.27999877929688,74.27999877929688,73.48999786376953,73.83999633789062,68.12902069091797,2370600
2018-01-31,75.16999816894531,75.2699966430664,74.3499984741211,74.80999755859375,69.02400207519531,3753000
2018-02-01,73.45999908447266,73.98999786376953,72.97000122070312,73.11000061035156,67.45549011230469,2587400
2018-02-02,73.30999755859375,73.41999816894531,71.66999816894531,71.70999908447266,66.16376495361328,4127400
2018-02-05,71.80000305175781,72.77999877929688,69.30999755859375,69.58000183105469,64.19850158691406,5196200
2018-02-06,68.16999816894531,71.7699966430664,68.0,71.0199966430664,65.52713775634766,9000300
2018-02-07,68.9800033569336,69.88999938964844,68.27999877929688,68.29000091552734,63.00827407836914,3828200
2018-02-08,68.33000183105469,68.48999786376953,65.37999725341797,65.38999938964844,60.332576751708984,6370100
2018-02-09,65.5,66.33000183105469,63.5099983215332,65.83000183105469,60.73854064941406,8889100
2018-02-12,66.52999877929688,67.38999938964844,66.08000183105469,66.98999786376953,61.80881118774414,4493000
2018-02-13,66.80999755859375,67.81999969482422,66.80999755859375,67.69000244140625,62.454681396484375,2439800
2018-02-14,67.75,69.94000244140625,67.69000244140625,69.81999969482422,64.4199447631836,3010000
2018-02-15,71.41999816894531,71.98999786376953,70.44999694824219,71.56999969482422,66.03458404541016,3058900
2018-02-16,71.12999725341797,72.12000274658203,71.05000305175781,71.23999786376953,65.73011779785156,2566100
2018-02-20,70.80999755859375,71.02999877929688,70.08000183105469,70.62999725341797,65.16729736328125,2859800
2018-02-21,71.77999877929688,72.91999816894531,71.25,71.27999877929688,65.76702117919922,4680200
2018-02-22,71.41999816894531,71.9000015258789,71.04000091552734,71.16000366210938,65.65630340576172,2891200
2018-02-23,71.83999633789062,72.37000274658203,71.52999877929688,72.33999633789062,66.74502563476562,2126700
2018-02-26,72.56999969482422,73.08999633789062,72.08000183105469,73.0,67.35400390625,2381400
2018-02-27,71.70999908447266,71.76000213623047,70.19000244140625,70.20999908447266,64.77978515625,2673500
2018-02-28,70.20999908447266,70.23999786376953,69.16000366210938,69.19999694824219,63.84788131713867,2697500
2018-03-01,70.20999908447266,70.47000122070312,68.31999969482422,68.9800033569336,63.64492416381836,4062300
2018-03-02,67.86000061035156,69.18000030517578,67.22000122070312,68.9800033569336,63.64492416381836,3887100
2018-03-05,67.87999725341797,69.23999786376953,67.8499984741211,69.06999969482422,63.72795486450195,3053700
2018-03-06,70.19999694824219,70.2300033569336,69.37000274658203,69.7699966430664,64.3738021850586,2160500
2018-03-07,69.23999786376953,70.04000091552734,69.0,69.9800033569336,64.56755828857422,1696900
2018-03-08,70.51000213623047,70.62000274658203,69.87999725341797,70.26000213623047,64.82591247558594,2025100
2018-03-09,71.0999984741211,72.13999938964844,70.97000122070312,72.0999984741211,66.52361297607422,2546500
2018-03-12,72.31999969482422,72.56999969482422,71.86000061035156,72.38999938964844,66.79117584228516,3245200
2018-03-13,72.61000061035156,72.72000122070312,70.94000244140625,71.18000030517578,65.67475128173828,3202400
2018-03-14,71.98999786376953,72.19999694824219,71.1500015258789,71.7300033569336,66.1822280883789,2259300
2018-03-15,72.70999908447266,73.08999633789062,72.1500015258789,72.54000091552734,66.92957305908203,2239800
2018-03-16,72.44999694824219,72.7699966430664,72.27999877929688,72.63999938964844,67.02184295654297,2074000
2018-03-19,72.18000030517578,72.19000244140625,71.11000061035156,71.56999969482422,66.03458404541016,2063200
2018-03-20,72.5,73.08000183105469,72.44000244140625,72.86000061035156,67.22481536865234,1628500
2018-03-21,72.05000305175781,72.62999725341797,71.70999908447266,72.18000030517578,66.59741973876953,2972500
2018-03-22,69.6500015258789,70.05999755859375,68.43000030517578,68.52999877929688,63.2297248840332,8353800
2018-03-23,68.69000244140625,68.80000305175781,67.0199966430664,67.08999633789062,61.90108871459961,5446100
2018-03-26,69.05999755859375,69.91000366210938,68.13999938964844,69.79000091552734,64.39226531982422,3166500
2018-03-27,70.0999984741211,70.19000244140625,67.91999816894531,68.31999969482422,63.035953521728516,3543100
2018-03-28,67.76000213623047,67.83000183105469,66.7699966430664,67.36000061035156,62.150211334228516,4932100
2018-03-29,67.66000366210938,68.91999816894531,67.54000091552734,68.56999969482422,63.26661682128906,4175500
2018-04-02,67.9000015258789,68.4000015258789,66.18000030517578,66.91000366210938,61.73501968383789,4245200
2018-04-03,67.77999877929688,68.01000213623047,66.94000244140625,67.54000091552734,62.3162841796875,3896300
2018-04-04,65.43000030517578,67.72000122070312,65.38999938964844,67.6500015258789,62.41777801513672,3907400
2018-04-05,67.94999694824219,68.30000305175781,67.56999969482422,67.83000183105469,62.583858489990234,2523800
2018-04-06,66.83999633789062,67.58999633789062,65.7699966430664,66.19999694824219,61.07992172241211,4731200
2018-04-09,67.16000366210938,67.95999908447266,66.76000213623047,67.06999969482422,61.88263702392578,2090900
2018-04-10,68.80000305175781,69.30000305175781,68.44999694824219,69.08000183105469,63.7371711730957,3401100
2018-04-11,68.80999755859375,69.37999725341797,68.6500015258789,69.01000213623047,63.67259979248047,2191900
2018-04-12,68.87999725341797,69.33000183105469,68.69999694824219,69.0999984741211,63.75563430786133,2018900
2018-04-13,68.72000122070312,68.7699966430664,67.5199966430664,67.83000183105469,62.583858489990234,2095900
2018-04-16,67.06999969482422,67.5,66.8499984741211,67.4800033569336,62.26092529296875,1548900
2018-04-17,67.05000305175781,67.97000122070312,66.98999786376953,67.7699966430664,62.52848815917969,2385400
2018-04-18,67.3499984741211,68.0,67.06999969482422,67.76000213623047,62.51926040649414,2669800
2018-04-19,68.25,68.33999633789062,67.4800033569336,67.75,62.51004409790039,1687000
2018-04-20,67.2300033569336,67.2300033569336,66.5,66.8499984741211,61.679656982421875,3236900
2018-04-23,66.7300033569336,66.98999786376953,66.2300033569336,66.44999694824219,61.310585021972656,2717200
2018-04-24,67.58000183105469,67.79000091552734,66.1500015258789,66.47000122070312,61.32905197143555,6349700
2018-04-25,66.19000244140625,66.22000122070312,65.41000366210938,66.02999877929688,60.92306137084961,3107600
2018-04-26,66.11000061035156,66.70999908447266,65.97000122070312,66.63999938964844,61.485877990722656,4172200
2018-04-27,66.80000305175781,67.0199966430664,66.30999755859375,66.95999908447266,61.78114700317383,2270300
2018-04-30,67.55000305175781,67.69000244140625,66.83999633789062,66.8499984741211,61.679656982421875,3032400
2018-05-01,66.69000244140625,67.05000305175781,66.13999938964844,66.98999786376953,61.80881118774414,1892800
2018-05-02,67.36000061035156,67.36000061035156,66.7300033569336,66.81999969482422,61.65196990966797,2893700
2018-05-03,66.45999908447266,66.76000213623047,65.29000091552734,66.5,61.35672378540039,4148400
2018-05-04,65.91000366210938,67.48999786376953,65.79000091552734,67.19999694824219,62.0025634765625,2228100
2018-05-07,66.87000274658203,67.56999969482422,66.87000274658203,67.3499984741211,62.14098358154297,2284600
2018-05-08,67.9800033569336,68.30999755859375,67.54000091552734,68.2699966430664,62.989830017089844,2807000
2018-05-09,68.58999633789062,68.79000091552734,68.19000244140625,68.61000061035156,63.30351638793945,1958300
2018-05-10,69.08000183105469,70.12000274658203,69.08000183105469,69.80999755859375,64.41071319580078,4326200
2018-05-11,69.98999786376953,70.01000213623047,69.47000122070312,69.73999786376953,64.34612274169922,1998700
2018-05-14,70.41999816894531,70.8499984741211,70.25,70.33999633789062,64.89971923828125,1977800
2018-05-15,69.0999984741211,69.19000244140625,68.6500015258789,69.04000091552734,63.700279235839844,4178800
2018-05-16,69.87000274658203,70.5999984741211,69.76000213623047,70.5,65.04734802246094,4384100
2018-05-17,69.70999908447266,70.0999984741211,69.30999755859375,69.48999786376953,64.11546325683594,2177700
2018-05-18,69.38999938964844,69.41999816894531,69.04000091552734,69.16000366210938,63.810997009277344,2271800
2018-05-21,69.9000015258789,70.06999969482422,69.41999816894531,69.69000244140625,64.29998779296875,1585600
2018-05-22,69.80000305175781,70.13999938964844,69.29000091552734,69.36000061035156,63.995521545410156,1957900
2018-05-23,68.55000305175781,69.33999633789062,68.5,69.30000305175781,63.94015884399414,3745400
2018-05-24,69.12000274658203,69.25,68.31999969482422,69.0199966430664,63.68181610107422,2258800
2018-05-25,68.80000305175781,69.19999694824219,68.69999694824219,69.18000030517578,63.82943344116211,1978100
2018-05-29,68.62999725341797,68.9000015258789,67.58000183105469,67.97000122070312,62.71302032470703,3885100
2018-05-30,68.08000183105469,68.43000030517578,67.73999786376953,68.2699966430664,62.989830017089844,3169300
2018-05-31,68.62999725341797,69.19999694824219,68.41999816894531,68.83000183105469,63.50651931762695,4541500
2018-06-01,69.20999908447266,70.0199966430664,69.05999755859375,69.87000274658203,64.46607208251953,4120600
2018-06-04,70.56999969482422,71.16000366210938,70.45999908447266,71.05999755859375,65.56403350830078,2615700
2018-06-05,71.3499984741211,71.45999908447266,70.91999816894531,71.23999786376953,65.73011779785156,2916700
2018-06-06,71.54000091552734,72.1500015258789,71.43000030517578,72.13999938964844,66.56050109863281,3075900
2018-06-07,72.16000366210938,72.16000366210938,70.80999755859375,71.30999755859375,65.7947006225586,6287400
2018-06-08,70.55000305175781,71.38999938964844,70.41000366210938,71.08999633789062,65.59170532226562,2683100
2018-06-11,71.12000274658203,71.31999969482422,71.0199966430664,71.12000274658203,65.61939239501953,2136300
2018-06-12,71.31999969482422,71.5,70.98999786376953,71.43000030517578,65.9054183959961,2594300
2018-06-13,71.16999816894531,71.19999694824219,70.25,70.4800033569336,65.02890014648438,4181800
2018-06-14,70.6500015258789,70.81999969482422,70.33000183105469,70.45999908447266,65.01044464111328,4424200
2018-06-15,69.61000061035156,70.16999816894531,69.41999816894531,70.16000366210938,64.73363494873047,3549800
2018-06-18,69.19000244140625,69.52999877929688,68.72000122070312,69.47000122070312,64.09700012207031,3560200
2018-06-19,67.51000213623047,67.94000244140625,67.02999877929688,67.87999725341797,62.91525650024414,4598000
2018-06-20,68.0199966430664,68.13999938964844,67.68000030517578,67.8499984741211,62.887451171875,2489000
2018-06-21,67.4000015258789,67.4000015258789,66.45999908447266,66.54000091552734,61.673274993896484,4710300
2018-06-22,67.37000274658203,67.45999908447266,66.94000244140625,67.06999969482422,62.16450881958008,3463500
2018-06-25,66.0,66.0,64.62000274658203,65.29000091552734,60.51469421386719,5407200
2018-06-26,65.41000366210938,65.55000305175781,64.80000305175781,65.08999633789062,60.32933044433594,3300100
2018-06-27,64.75,64.80999755859375,62.939998626708984,63.040000915527344,58.429256439208984,5021300
2018-06-28,62.939998626708984,63.709999084472656,62.619998931884766,63.650001525878906,58.99464797973633,4629500
2018-06-29,64.4800033569336,65.01000213623047,64.41999816894531,64.5999984741211,59.87516403198242,5055900
2018-07-02,63.43000030517578,63.779998779296875,63.09000015258789,63.68000030517578,59.0224494934082,4761200
2018-07-03,64.2699966430664,64.31999969482422,63.5099983215332,63.540000915527344,58.8926887512207,2338700
2018-07-05,63.529998779296875,63.560001373291016,62.59000015258789,63.06999969482422,58.45707321166992,5197700
2018-07-06,62.959999084472656,64.2699966430664,62.93000030517578,64.04000091552734,59.35612106323242,4724200
2018-07-09,65.08999633789062,65.44000244140625,64.83000183105469,65.4000015258789,60.61664581298828,4306400
2018-07-10,64.76000213623047,64.86000061035156,64.16999816894531,64.70999908447266,59.97711181640625,3427700
2018-07-11,63.52000045776367,63.93000030517578,63.220001220703125,63.439998626708984,58.79999923706055,4928800
2018-07-12,64.4800033569336,64.7699966430664,64.36000061035156,64.69999694824219,59.96784591674805,4065000
2018-07-13,64.4800033569336,64.76000213623047,64.2300033569336,64.5999984741211,59.87516403198242,2960000
2018-07-16,64.27999877929688,64.33000183105469,63.9900016784668,64.1500015258789,59.458072662353516,1798800
2018-07-17,63.5,64.33999633789062,63.369998931884766,64.2300033569336,59.5322265625,2671500
2018-07-18,63.84000015258789,64.13999938964844,63.599998474121094,64.08000183105469,59.3931999206543,2196700
2018-07-19,63.16999816894531,63.349998474121094,62.75,62.849998474121094,58.25315475463867,3281000
2018-07-20,63.34000015258789,63.779998779296875,63.279998779296875,63.65999984741211,59.00391387939453,2333500
2018-07-23,63.400001525878906,63.470001220703125,63.11000061035156,63.349998474121094,58.716583251953125,2662400
2018-07-24,64.83000183105469,65.16000366210938,64.47000122070312,64.62000274658203,59.89369583129883,5316800
2018-07-25,64.94999694824219,65.97000122070312,64.91000366210938,65.94000244140625,61.117156982421875,3387000
2018-07-26,64.61000061035156,64.9800033569336,64.58000183105469,64.7300033569336,59.995662689208984,2570800
2018-07-27,64.97000122070312,64.9800033569336,63.86000061035156,64.2699966430664,59.569297790527344,3575300
2018-07-30,64.30000305175781,64.36000061035156,63.290000915527344,63.619998931884766,58.96683883666992,2523900
2018-07-31,63.52000045776367,64.04000091552734,63.130001068115234,63.81999969482422,59.1522102355957,4227400
2018-08-01,62.79999923706055,63.11000061035156,62.38999938964844,62.68000030517578,58.09559631347656,3821100
2018-08-02,61.2599983215332,61.93000030517578,61.0,61.86000061035156,57.3355712890625,6077300
2018-08-03,61.2599983215332,61.95000076293945,61.2599983215332,61.72999954223633,57.2150764465332,3327500
2018-08-06,61.189998626708984,61.34000015258789,60.970001220703125,61.220001220703125,56.74238204956055,3046300
2018-08-07,61.189998626708984,62.56999969482422,61.189998626708984,62.290000915527344,57.73411560058594,3086400
2018-08-08,62.08000183105469,62.09000015258789,61.61000061035156,62.04999923706055,57.51166915893555,3216600
2018-08-09,62.86000061035156,63.209999084472656,62.61000061035156,62.68000030517578,58.09559631347656,2106300
2018-08-10,61.900001525878906,62.25,61.66999816894531,62.15999984741211,57.61362075805664,7214600
2018-08-13,61.7400016784668,61.79999923706055,61.099998474121094,61.25,56.770179748535156,3293100
2018-08-14,60.459999084472656,60.599998474121094,60.09000015258789,60.400001525878906,55.98234939575195,4185600
2018-08-15,57.709999084472656,58.279998779296875,57.31999969482422,58.18000030517578,53.92472457885742,9672000
2018-08-16,58.630001068115234,59.33000183105469,58.630001068115234,58.790000915527344,54.490108489990234,7221700
2018-08-17,58.45000076293945,59.869998931884766,58.150001525878906,59.59000015258789,55.23159408569336,6330200
2018-08-20,59.86000061035156,60.13999938964844,59.720001220703125,60.11000061035156,55.713558197021484,4273400
2018-08-21,60.83000183105469,61.220001220703125,60.83000183105469,61.08000183105469,56.61261749267578,3819600
2018-08-22,61.34000015258789,61.56999969482422,61.189998626708984,61.43000030517578,56.93701934814453,5344100
2018-08-23,61.5099983215332,61.61000061035156,60.220001220703125,60.29999923706055,55.8896598815918,5979300
2018-08-24,60.88999938964844,61.279998779296875,60.84000015258789,61.209999084472656,56.73310852050781,2968000
2018-08-27,62.20000076293945,62.81999969482422,62.20000076293945,62.439998626708984,57.87314224243164,3541200
2018-08-28,62.619998931884766,62.72999954223633,61.91999816894531,62.06999969482422,57.530208587646484,2295900
2018-08-29,62.099998474121094,62.63999938964844,61.869998931884766,62.619998931884766,58.03997802734375,3161800
2018-08-30,61.619998931884766,61.619998931884766,60.380001068115234,60.61000061035156,56.1769905090332,7490000
2018-08-31,60.279998779296875,60.97999954223633,60.22999954223633,60.7400016784668,56.2974853515625,5008700
2018-09-04,60.41999816894531,60.41999816894531,59.68000030517578,59.9900016784668,55.60234451293945,4054000
2018-09-05,59.029998779296875,59.029998779296875,58.29999923706055,58.400001525878906,54.128631591796875,4119300
2018-09-06,58.43000030517578,58.72999954223633,57.72999954223633,58.189998626708984,53.93398666381836,8305200
2018-09-07,57.630001068115234,58.43000030517578,57.529998779296875,57.869998931884766,53.637393951416016,4786600
2018-09-10,57.619998931884766,57.619998931884766,56.75,56.880001068115234,52.71980285644531,4009900
2018-09-11,55.88999938964844,56.84000015258789,55.75,56.79999923706055,52.645652770996094,6782200
2018-09-12,56.2400016784668,57.630001068115234,55.97999954223633,57.2400016784668,53.05347442626953,6588600
2018-09-13,58.59000015258789,59.119998931884766,58.31999969482422,58.709999084472656,54.415950775146484,6496000
2018-09-14,58.72999954223633,58.86000061035156,57.810001373291016,58.16999816894531,53.91545104980469,9617900
2018-09-17,57.650001525878906,57.83000183105469,57.279998779296875,57.400001525878906,53.2017707824707,4956800
2018-09-18,57.79999923706055,58.22999954223633,57.790000915527344,58.04999923706055,53.804222106933594,3617500
2018-09-19,58.81999969482422,59.599998474121094,58.79999923706055,59.40999984741211,55.06475830078125,3662200
2018-09-20,59.95000076293945,60.15999984741211,59.63999938964844,60.060001373291016,55.6672248840332,4271400
2018-09-21,61.11000061035156,61.11000061035156,60.52000045776367,60.61000061035156,56.1769905090332,3768100
2018-09-24,59.68000030517578,59.79999923706055,59.33000183105469,59.68000030517578,55.315006256103516,4508800
2018-09-25,59.93000030517578,60.099998474121094,59.77000045776367,59.90999984741211,55.52818298339844,2386500
2018-09-26,60.2400016784668,60.95000076293945,60.119998931884766,60.22999954223633,55.824790954589844,3794300
2018-09-27,60.16999816894531,60.529998779296875,60.040000915527344,60.2599983215332,55.852596282958984,7060600
2018-09-28,59.880001068115234,60.220001220703125,59.65999984741211,59.88999938964844,55.5096435546875,4219800
2018-10-01,60.20000076293945,60.29999923706055,59.790000915527344,59.900001525878906,55.518924713134766,1990200
2018-10-02,58.619998931884766,58.83000183105469,58.29999923706055,58.5,54.2213134765625,4583400
2018-10-03,58.939998626708984,58.970001220703125,58.099998474121094,58.2400016784668,53.98033905029297,2509700
2018-10-04,57.619998931884766,57.650001525878906,56.400001525878906,56.709999084472656,52.562232971191406,5371700
2018-10-05,56.880001068115234,56.95000076293945,55.9900016784668,56.630001068115234,52.48809051513672,5333100
2018-10-08,55.38999938964844,56.0,55.11000061035156,55.93000030517578,51.83928680419922,6018400
2018-10-09,55.43000030517578,55.779998779296875,55.150001525878906,55.349998474121094,51.301700592041016,5872100
2018-10-10,55.060001373291016,55.06999969482422,53.43000030517578,53.459999084472656,49.54994201660156,8105200
2018-10-11,52.900001525878906,53.880001068115234,52.369998931884766,53.25,49.35530090332031,15237400
2018-10-12,54.81999969482422,55.220001220703125,54.189998626708984,55.06999969482422,51.04218292236328,12703000
2018-10-15,54.119998931884766,54.459999084472656,53.75,54.02000045776367,50.0689811706543,4313900
2018-10-16,54.2400016784668,55.22999954223633,54.2400016784668,55.130001068115234,51.09779357910156,6645100
2018-10-17,54.970001220703125,54.970001220703125,54.16999816894531,54.459999084472656,50.476802825927734,4243900
2018-10-18,53.720001220703125,53.720001220703125,52.4900016784668,52.779998779296875,48.919673919677734,7049200
2018-10-19,53.86000061035156,54.31999969482422,53.38999938964844,53.54999923706055,49.63336181640625,3797600
2018-10-22,55.470001220703125,55.630001068115234,54.93000030517578,55.2599983215332,51.21828842163086,3819700
2018-10-23,53.22999954223633,54.599998474121094,53.040000915527344,54.2400016784668,50.27289962768555,9492800
2018-10-24,53.83000183105469,53.93000030517578,52.15999984741211,52.220001220703125,48.400634765625,6448400
2018-10-25,52.7400016784668,53.7599983215332,52.689998626708984,53.43000030517578,49.522132873535156,5732400
2018-10-26,52.040000915527344,53.18000030517578,51.83000183105469,52.5099983215332,48.66941833496094,10403400
2018-10-29,52.5,52.58000183105469,50.45000076293945,51.04999923706055,47.31620788574219,7091000
2018-10-30,51.27000045776367,51.900001525878906,50.9900016784668,51.86000061035156,48.06696319580078,5894100
2018-10-31,52.90999984741211,53.619998931884766,52.849998474121094,53.25,49.35530090332031,5927300
2018-11-01,54.310001373291016,56.130001068115234,53.790000915527344,55.97999954223633,51.88562774658203,7917200
2018-11-02,57.150001525878906,57.41999816894531,55.40999984741211,56.09000015258789,51.987579345703125,9263400
2018-11-05,55.77000045776367,56.20000076293945,55.630001068115234,55.93000030517578,51.83928680419922,7186100
2018-11-06,55.72999954223633,56.18000030517578,55.61000061035156,55.86000061035156,51.77440643310547,5065800
2018-11-07,56.75,57.279998779296875,56.38999938964844,57.2400016784668,53.05347442626953,4668500
2018-11-08,56.2400016784668,56.439998626708984,55.16999816894531,55.5,51.440738677978516,7687500
2018-11-09,54.27000045776367,54.27000045776367,53.400001525878906,53.939998626708984,49.99483108520508,9213700
2018-11-12,53.90999984741211,53.939998626708984,52.9900016784668,53.25,49.35530090332031,4394500
2018-11-13,54.209999084472656,55.310001373291016,54.11000061035156,54.560001373291016,50.56949234008789,8353500
2018-11-14,55.25,55.560001373291016,54.59000015258789,55.08000183105469,51.05145263671875,9553800
2018-11-15,55.2599983215332,56.849998474121094,55.189998626708984,56.400001525878906,52.27490997314453,10665600
2018-11-16,55.97999954223633,56.810001373291016,55.54999923706055,56.45000076293945,52.321250915527344,7042900
2018-11-19,55.970001220703125,56.029998779296875,55.11000061035156,55.25,51.20901870727539,4551400
2018-11-20,54.22999954223633,54.66999816894531,53.79999923706055,54.11000061035156,50.152400970458984,8038600
2018-11-21,55.40999984741211,55.959999084472656,55.310001373291016,55.400001525878906,51.348052978515625,15802200
2018-11-23,54.59000015258789,55.099998474121094,54.59000015258789,54.77000045776367,50.76412582397461,3826700
2018-11-26,55.810001373291016,56.25,55.77000045776367,56.060001373291016,51.959774017333984,4183000
2018-11-27,55.630001068115234,56.220001220703125,55.41999816894531,56.16999816894531,52.061729431152344,6900600
2018-11-28,56.79999923706055,57.75,56.36000061035156,57.689998626708984,53.470558166503906,8557300
2018-11-29,56.84000015258789,56.959999084472656,56.150001525878906,56.58000183105469,52.44174575805664,7271700
2018-11-30,56.84000015258789,57.47999954223633,56.5099983215332,57.47999954223633,53.275917053222656,6371700
2018-12-03,59.09000015258789,59.15999984741211,58.29999923706055,58.540000915527344,54.25838851928711,10825000
2018-12-04,58.70000076293945,58.88999938964844,57.13999938964844,57.41999816894531,53.220306396484375,9613300
2018-12-06,55.38999938964844,56.380001068115234,55.15999984741211,56.36000061035156,52.23783493041992,11101100
2018-12-07,56.209999084472656,56.709999084472656,55.13999938964844,55.36000061035156,51.310977935791016,9028900
2018-12-10,54.849998474121094,55.22999954223633,54.0099983215332,55.0,50.9773063659668,15673700
2018-12-11,55.83000183105469,55.95000076293945,55.0,55.45000076293945,51.39439392089844,10682300
2018-12-12,56.61000061035156,56.93000030517578,56.099998474121094,56.11000061035156,52.006126403808594,6754700
2018-12-13,56.56999969482422,56.75,56.2599983215332,56.36000061035156,52.23783493041992,6584200
2018-12-14,55.439998626708984,55.97999954223633,55.27000045776367,55.56999969482422,51.505611419677734,7810500
2018-12-17,55.15999984741211,55.349998474121094,54.15999984741211,54.470001220703125,50.48606872558594,6668800
2018-12-18,54.029998779296875,54.25,53.529998779296875,53.58000183105469,50.144474029541016,11285800
2018-12-19,53.65999984741211,53.939998626708984,51.93000030517578,52.4900016784668,49.12437057495117,14559800
2018-12-20,52.560001373291016,52.900001525878906,51.970001220703125,52.41999816894531,49.058841705322266,13879500
2018-12-21,52.77000045776367,53.029998779296875,51.779998779296875,52.060001373291016,48.72193145751953,11842800
2018-12-24,51.63999938964844,52.41999816894531,51.599998474121094,51.630001068115234,48.31950378417969,6789100
2018-12-26,51.970001220703125,52.97999954223633,51.2599983215332,52.95000076293945,49.55487060546875,8240200
2018-12-27,51.849998474121094,52.66999816894531,51.54999923706055,52.650001525878906,49.274105072021484,10565600
2018-12-28,52.90999984741211,53.2400016784668,52.54999923706055,52.779998779296875,49.39576721191406,7006300
2018-12-31,53.540000915527344,53.540000915527344,52.43000030517578,52.619998931884766,49.246028900146484,4108300
2019-01-02,51.599998474121094,52.38999938964844,51.540000915527344,52.33000183105469,48.97462463378906,5273700
2019-01-03,51.540000915527344,51.63999938964844,50.86000061035156,51.0,47.72990417480469,5205200
2019-01-04,52.18000030517578,53.459999084472656,52.02000045776367,53.06999969482422,49.66717529296875,6800800
2019-01-07,53.04999923706055,53.720001220703125,52.86000061035156,53.58000183105469,50.144474029541016,4869900
2019-01-08,53.91999816894531,54.15999984741211,53.380001068115234,53.9900016784668,50.52818298339844,5193300
2019-01-09,54.709999084472656,55.619998931884766,54.66999816894531,55.20000076293945,51.66059875488281,5413000
2019-01-10,55.029998779296875,55.709999084472656,54.880001068115234,55.650001525878906,52.081748962402344,5387200
2019-01-11,55.15999984741211,55.400001525878906,55.0099983215332,55.279998779296875,51.735469818115234,2988500
2019-01-14,54.349998474121094,54.88999938964844,54.279998779296875,54.619998931884766,51.11777877807617,3316000
2019-01-15,55.06999969482422,55.61000061035156,55.040000915527344,55.27000045776367,51.726112365722656,3613100
2019-01-16,55.720001220703125,56.38999938964844,55.720001220703125,56.09000015258789,52.4935302734375,5601200
2019-01-17,55.68000030517578,56.880001068115234,55.619998931884766,56.45000076293945,52.830448150634766,6630500
2019-01-18,56.97999954223633,57.400001525878906,56.709999084472656,57.150001525878906,53.485565185546875,9746700
2019-01-22,56.18000030517578,56.22999954223633,55.2599983215332,55.66999816894531,52.100460052490234,5015700
2019-01-23,56.279998779296875,56.34000015258789,55.66999816894531,56.08000183105469,52.48417282104492,3333100
2019-01-24,56.290000915527344,56.880001068115234,56.150001525878906,56.81999969482422,53.176719665527344,5210800
2019-01-25,57.529998779296875,58.06999969482422,57.529998779296875,57.84000015258789,54.131317138671875,10608500
2019-01-28,57.130001068115234,57.40999984741211,56.81999969482422,57.38999938964844,53.710174560546875,11184200
2019-01-29,57.560001373291016,57.709999084472656,57.189998626708984,57.369998931884766,53.69145584106445,5331600
2019-01-30,57.83000183105469,58.709999084472656,57.68000030517578,58.56999969482422,54.814517974853516,10403200
2019-01-31,58.810001373291016,59.34000015258789,58.72999954223633,59.310001373291016,55.50707244873047,12018800
2019-02-01,58.88999938964844,59.11000061035156,58.70000076293945,58.95000076293945,55.1701545715332,4206500
2019-02-04,58.810001373291016,59.25,58.790000915527344,59.119998931884766,55.329246520996094,3000000
2019-02-05,59.470001220703125,60.279998779296875,59.310001373291016,60.20000076293945,56.340003967285156,4077900
2019-02-06,60.27000045776367,60.27000045776367,59.43000030517578,59.58000183105469,55.759761810302734,4407500
2019-02-07,59.029998779296875,59.380001068115234,58.099998474121094,58.709999084472656,54.94554138183594,4338200
2019-02-08,58.47999954223633,58.86000061035156,58.220001220703125,58.77000045776367,55.00169372558594,4471600
2019-02-11,59.27000045776367,59.38999938964844,58.91999816894531,58.95000076293945,55.1701545715332,3372600
2019-02-12,59.380001068115234,59.529998779296875,59.13999938964844,59.16999816894531,55.37604522705078,8323900
2019-02-13,59.900001525878906,59.9900016784668,59.40999984741211,59.5,55.68488311767578,4980300
2019-02-14,59.060001373291016,59.41999816894531,58.75,59.209999084472656,55.41347885131836,7886000
2019-02-15,58.97999954223633,59.08000183105469,58.56999969482422,58.79999923706055,55.02976608276367,4874200
2019-02-19,58.790000915527344,59.720001220703125,58.77000045776367,59.540000915527344,55.722320556640625,3993300
2019-02-20,59.83000183105469,60.349998474121094,59.7599983215332,59.90999984741211,56.0685920715332,5303000
2019-02-21,60.08000183105469,60.09000015258789,59.56999969482422,59.779998779296875,55.94693374633789,3305300
2019-02-22,60.68000030517578,60.93000030517578,60.439998626708984,60.93000030517578,57.023193359375,4058300
2019-02-25,62.04999923706055,62.31999969482422,61.90999984741211,62.04999923706055,58.071380615234375,6194800
2019-02-26,61.36000061035156,61.9900016784668,61.2599983215332,61.84000015258789,57.874847412109375,7357400
2019-02-27,61.13999938964844,61.33000183105469,60.81999969482422,61.11000061035156,57.191654205322266,5015800
2019-02-28,60.81999969482422,60.939998626708984,60.439998626708984,60.709999084472656,56.81729507446289,7722100
2019-03-01,61.54999923706055,61.59000015258789,60.97999954223633,61.209999084472656,57.285240173339844,6852300
2019-03-04,62.08000183105469,62.22999954223633,61.150001525878906,61.86000061035156,57.89356231689453,7798900
2019-03-05,62.400001525878906,63.040000915527344,62.27000045776367,62.86000061035156,58.829437255859375,5015800
2019-03-06,62.779998779296875,62.90999984741211,62.34000015258789,62.38999938964844,58.38957595825195,6902000
2019-03-07,61.65999984741211,61.65999984741211,60.52000045776367,60.68000030517578,56.78922653198242,8914700
2019-03-08,59.2599983215332,59.720001220703125,59.11000061035156,59.61000061035156,55.7878303527832,6023400
2019-03-11,60.560001373291016,61.27000045776367,60.4900016784668,61.13999938964844,57.2197265625,2952600
2019-03-12,61.650001525878906,61.720001220703125,61.290000915527344,61.65999984741211,57.70638656616211,3587900
2019-03-13,61.560001373291016,61.72999954223633,61.380001068115234,61.41999816894531,57.481773376464844,5291600
2019-03-14,61.130001068115234,61.18000030517578,60.7400016784668,61.040000915527344,57.12614440917969,3929600
2019-03-15,61.61000061035156,61.970001220703125,61.5,61.83000183105469,57.865482330322266,3328900
2019-03-18,62.68000030517578,62.81999969482422,62.41999816894531,62.66999816894531,58.6516227722168,3355800
2019-03-19,62.900001525878906,63.099998474121094,62.619998931884766,62.869998931884766,58.83879470825195,5318000
2019-03-20,62.5099983215332,63.2400016784668,61.95000076293945,62.689998626708984,58.67033767700195,11815800
2019-03-21,61.97999954223633,62.779998779296875,61.900001525878906,62.779998779296875,58.75456619262695,8753300
2019-03-22,61.79999923706055,61.93000030517578,60.810001373291016,60.849998474121094,56.94832229614258,8321400
2019-03-25,60.459999084472656,61.11000061035156,60.45000076293945,60.95000076293945,57.04191589355469,5212200
2019-03-26,61.02000045776367,61.2400016784668,60.65999984741211,60.939998626708984,57.032554626464844,2983500
2019-03-27,60.970001220703125,61.25,60.689998626708984,60.88999938964844,56.98575973510742,5560000
2019-03-28,61.15999984741211,61.349998474121094,60.81999969482422,61.2599983215332,57.33203125,3100200
2019-03-29,62.09000015258789,62.54999923706055,61.869998931884766,62.43000030517578,58.42701721191406,10658500
2019-04-01,63.27000045776367,63.5,62.9900016784668,63.349998474121094,59.288021087646484,4755300
2019-04-02,63.27000045776367,63.33000183105469,62.970001220703125,63.119998931884766,59.07277297973633,3576200
2019-04-03,63.720001220703125,64.16000366210938,63.40999984741211,63.540000915527344,59.46583938598633,7579300
2019-04-04,63.689998626708984,64.26000213623047,63.61000061035156,64.19000244140625,60.074161529541016,5272900
2019-04-05,64.5199966430664,64.93000030517578,64.44000244140625,64.91999816894531,60.757354736328125,4684000
2019-04-08,64.73999786376953,64.98999786376953,64.41999816894531,64.8499984741211,60.69184875488281,4702400
2019-04-09,64.87999725341797,65.01000213623047,64.73999786376953,64.81999969482422,60.66376876831055,3582100
2019-04-10,64.91000366210938,65.01000213623047,64.62000274658203,64.95999908447266,60.79479217529297,2748800
2019-04-11,64.30000305175781,64.33000183105469,63.90999984741211,64.0999984741211,59.989933013916016,3615000
2019-04-12,65.04000091552734,65.22000122070312,64.87000274658203,65.02999877929688,60.86030578613281,5174800
2019-04-15,64.56999969482422,64.56999969482422,63.720001220703125,64.0,59.8963508605957,4998900
2019-04-16,64.7699966430664,64.83999633789062,64.47000122070312,64.72000122070312,60.5701789855957,2983500
2019-04-17,65.19000244140625,65.25,64.72000122070312,64.87000274658203,60.710567474365234,7598300
2019-04-18,64.83999633789062,65.01000213623047,64.55999755859375,64.88999938964844,60.72927474975586,6202500
2019-04-22,64.1500015258789,64.43000030517578,63.90999984741211,64.37999725341797,60.25197982788086,4085200
2019-04-23,64.16999816894531,64.5999984741211,64.13999938964844,64.41000366210938,60.280052185058594,7673700
2019-04-24,64.2300033569336,64.2300033569336,63.439998626708984,63.56999969482422,59.493919372558594,6810000
2019-04-25,63.029998779296875,63.290000915527344,62.689998626708984,63.2599983215332,59.20378875732422,3023800
2019-04-26,63.459999084472656,63.619998931884766,63.119998931884766,63.560001373291016,59.48456573486328,3128800
2019-04-29,63.65999984741211,63.810001373291016,63.59000015258789,63.720001220703125,59.634300231933594,2179200
2019-04-30,63.5,63.79999923706055,63.18000030517578,63.52000045776367,59.44712448120117,5778300
2019-05-01,63.72999954223633,64.48999786376953,63.36000061035156,63.40999984741211,59.34417724609375,5808100
2019-05-02,63.5,63.93000030517578,63.09000015258789,63.47999954223633,59.409690856933594,3863200
2019-05-03,64.08999633789062,64.62000274658203,64.05000305175781,64.58000183105469,60.43916702270508,3684500
2019-05-06,61.630001068115234,62.86000061035156,61.59000015258789,62.720001220703125,58.698421478271484,9614500
2019-05-07,61.81999969482422,61.849998474121094,60.38999938964844,60.810001373291016,56.91089630126953,8795300
2019-05-08,60.880001068115234,61.2599983215332,60.4900016784668,60.75,56.85474395751953,7267700
2019-05-09,59.119998931884766,60.18000030517578,58.630001068115234,59.7400016784668,55.90950012207031,13634100
2019-05-10,60.029998779296875,60.41999816894531,59.119998931884766,60.130001068115234,56.27449035644531,6979400
2019-05-13,58.04999923706055,58.31999969482422,57.459999084472656,57.84000015258789,54.131317138671875,13706300
2019-05-14,58.79999923706055,59.150001525878906,58.45000076293945,58.810001373291016,55.03913116455078,6666500
2019-05-15,58.9900016784668,59.5099983215332,58.86000061035156,59.349998474121094,55.544498443603516,6651800
2019-05-16,59.630001068115234,59.970001220703125,59.47999954223633,59.59000015258789,55.76911544799805,4915800
2019-05-17,57.93000030517578,58.15999984741211,57.59000015258789,57.68000030517578,53.98158264160156,6899000
2019-05-20,56.4900016784668,56.5,55.91999816894531,56.0099983215332,52.418663024902344,4959500
2019-05-21,56.7599983215332,56.939998626708984,56.5,56.86000061035156,53.21416091918945,5400700
2019-05-22,56.45000076293945,56.52000045776367,56.08000183105469,56.25,52.64327621459961,4089300
2019-05-23,55.13999938964844,55.439998626708984,54.91999816894531,55.20000076293945,51.66059875488281,6022400
2019-05-24,55.439998626708984,55.560001373291016,54.810001373291016,54.880001068115234,51.361114501953125,7047600
2019-05-28,55.689998626708984,55.84000015258789,55.189998626708984,55.310001373291016,51.76354217529297,4792800
2019-05-29,55.130001068115234,55.54999923706055,55.029998779296875,55.47999954223633,51.922645568847656,4316800
2019-05-30,55.380001068115234,55.58000183105469,55.220001220703125,55.45000076293945,51.894569396972656,4112600
2019-05-31,55.0,55.439998626708984,54.93000030517578,55.33000183105469,51.78226852416992,4520300
2019-06-03,55.65999984741211,55.90999984741211,55.40999984741211,55.68000030517578,52.109825134277344,3306200
2019-06-04,55.18000030517578,55.720001220703125,55.150001525878906,55.65999984741211,52.091102600097656,5214500
2019-06-05,55.65999984741211,55.72999954223633,54.810001373291016,55.18000030517578,51.64188003540039,5108100
2019-06-06,55.09000015258789,55.29999923706055,54.939998626708984,55.209999084472656,51.669960021972656,3191800
2019-06-07,55.630001068115234,56.400001525878906,55.61000061035156,55.81999969482422,52.24083709716797,4358500
2019-06-10,56.650001525878906,57.150001525878906,56.52000045776367,56.810001373291016,53.1673698425293,3277400
2019-06-11,57.79999923706055,57.959999084472656,57.41999816894531,57.61000061035156,53.91607666015625,4131800
2019-06-12,56.75,56.86000061035156,56.369998931884766,56.540000915527344,52.9146728515625,2301900
2019-06-13,56.869998931884766,56.95000076293945,56.45000076293945,56.650001525878906,53.01762771606445,3869200
2019-06-14,56.27000045776367,56.27000045776367,55.95000076293945,55.9900016784668,52.39994812011719,3157500
2019-06-17,55.810001373291016,56.20000076293945,55.779998779296875,55.97999954223633,52.725826263427734,1904300
2019-06-18,56.709999084472656,58.15999984741211,56.709999084472656,57.79999923706055,54.440032958984375,4832400
2019-06-19,58.20000076293945,58.630001068115234,57.79999923706055,58.369998931884766,54.976898193359375,6326200
2019-06-20,59.630001068115234,59.7400016784668,59.0099983215332,59.33000183105469,55.8810920715332,3884600
2019-06-21,59.029998779296875,59.29999923706055,58.91999816894531,59.0,55.57027053833008,3202800
2019-06-24,59.20000076293945,59.22999954223633,58.900001525878906,58.9900016784668,55.56085205078125,2251600
2019-06-25,58.470001220703125,58.5,57.970001220703125,58.04999923706055,54.67549514770508,4116900
2019-06-26,58.77000045776367,59.119998931884766,58.77000045776367,58.900001525878906,55.47608947753906,3128300
2019-06-27,59.2599983215332,59.540000915527344,59.15999984741211,59.47999954223633,56.02237319946289,2006500
2019-06-28,59.47999954223633,59.5,59.220001220703125,59.45000076293945,55.994117736816406,2915200
2019-07-01,61.119998931884766,61.40999984741211,60.459999084472656,60.63999938964844,57.11493682861328,5174300
2019-07-02,60.709999084472656,60.79999923706055,60.439998626708984,60.61000061035156,57.0866813659668,4473400
2019-07-03,60.33000183105469,60.41999816894531,60.16999816894531,60.38999938964844,56.879478454589844,986100
2019-07-05,59.880001068115234,59.880001068115234,59.5,59.650001525878906,56.18248748779297,3385100
2019-07-08,59.119998931884766,59.13999938964844,58.790000915527344,58.90999984741211,55.48550796508789,2365100
2019-07-09,58.41999816894531,58.81999969482422,58.31999969482422,58.7599983215332,55.3442268371582,1600600
2019-07-10,59.310001373291016,59.5099983215332,58.849998474121094,58.91999816894531,55.49492263793945,2044600
2019-07-11,59.0,59.029998779296875,58.45000076293945,58.63999938964844,55.231201171875,2465400
2019-07-12,58.849998474121094,58.97999954223633,58.75,58.90999984741211,55.48550796508789,1778600
2019-07-15,59.27000045776367,59.5,59.099998474121094,59.459999084472656,56.003536224365234,981800
2019-07-16,59.630001068115234,59.7599983215332,59.38999938964844,59.400001525878906,55.947021484375,3189900
2019-07-17,59.47999954223633,59.630001068115234,59.22999954223633,59.25,55.805747985839844,1265400
2019-07-18,59.099998474121094,59.400001525878906,58.959999084472656,59.33000183105469,55.8810920715332,3332600
2019-07-19,59.86000061035156,59.900001525878906,59.33000183105469,59.33000183105469,55.8810920715332,2214300
2019-07-22,59.25,59.369998931884766,59.040000915527344,59.09000015258789,55.65504455566406,1296800
2019-07-23,59.380001068115234,59.77000045776367,59.31999969482422,59.75,56.276676177978516,2221400
2019-07-24,59.779998779296875,60.18000030517578,59.779998779296875,60.13999938964844,56.64400100708008,3845600
2019-07-25,60.220001220703125,60.220001220703125,59.58000183105469,59.79999923706055,56.32377243041992,5053000
2019-07-26,59.95000076293945,60.0,59.72999954223633,59.91999816894531,56.43679428100586,1581600
2019-07-29,59.720001220703125,59.81999969482422,59.369998931884766,59.560001373291016,56.09772491455078,1152400
2019-07-30,59.130001068115234,59.189998626708984,58.900001525878906,59.11000061035156,55.67388153076172,2329500
2019-07-31,58.97999954223633,58.97999954223633,57.68000030517578,58.470001220703125,55.07108688354492,3353400
2019-08-01,58.7400016784668,59.099998474121094,56.540000915527344,56.65999984741211,53.366302490234375,9553400
2019-08-02,56.56999969482422,56.630001068115234,55.90999984741211,56.0,52.744667053222656,7446400
2019-08-05,54.2400016784668,54.31999969482422,53.119998931884766,53.47999954223633,50.37115478515625,10459000
2019-08-06,54.4900016784668,54.68000030517578,53.91999816894531,54.16999816894531,51.02104187011719,6984300
2019-08-07,53.849998474121094,54.65999984741211,53.58000183105469,54.650001525878906,51.473140716552734,4529300
2019-08-08,55.06999969482422,55.380001068115234,54.810001373291016,55.380001068115234,52.160709381103516,2650000
2019-08-09,54.810001373291016,54.90999984741211,54.29999923706055,54.61000061035156,51.43547058105469,2739100
2019-08-12,53.97999954223633,54.22999954223633,53.77000045776367,54.040000915527344,50.89860534667969,2671000
2019-08-13,53.970001220703125,55.779998779296875,53.849998474121094,55.150001525878906,51.9440803527832,6398400
2019-08-14,53.810001373291016,54.0099983215332,53.4900016784668,53.56999969482422,50.455928802490234,5399000
2019-08-15,54.4900016784668,54.59000015258789,54.0,54.33000183105469,51.1717529296875,3651800
2019-08-16,54.849998474121094,55.4900016784668,54.7599983215332,55.369998931884766,52.15128707885742,1902200
2019-08-19,56.619998931884766,56.7599983215332,56.290000915527344,56.40999984741211,53.130836486816406,2333400
2019-08-20,56.529998779296875,56.650001525878906,56.29999923706055,56.31999969482422,53.04606628417969,2039500
2019-08-21,56.959999084472656,57.0,56.54999923706055,56.709999084472656,53.41339111328125,3274100
2019-08-22,56.41999816894531,56.470001220703125,55.83000183105469,56.099998474121094,52.83885192871094,1521000
2019-08-23,55.790000915527344,56.27000045776367,54.65999984741211,54.7599983215332,51.576751708984375,5302700
2019-08-26,55.439998626708984,55.52000045776367,55.189998626708984,55.349998474121094,52.1324462890625,3426600
2019-08-27,55.849998474121094,56.04999923706055,55.5,55.5,52.27372741699219,2187000
2019-08-28,55.220001220703125,55.66999816894531,55.060001373291016,55.61000061035156,52.377342224121094,1419800
2019-08-29,56.11000061035156,56.439998626708984,55.959999084472656,56.2400016784668,52.97071838378906,1748900
2019-08-30,56.5099983215332,56.5099983215332,56.06999969482422,56.41999816894531,53.14025115966797,1918900
2019-09-03,56.189998626708984,56.380001068115234,56.08000183105469,56.22999954223633,52.96129608154297,1940100
2019-09-04,57.27000045776367,57.380001068115234,57.119998931884766,57.220001220703125,53.89374923706055,3243700
2019-09-05,58.0,58.34000015258789,58.0,58.25,54.86387252807617,5898100
2019-09-06,58.439998626708984,58.470001220703125,58.22999954223633,58.279998779296875,54.892127990722656,1879900
2019-09-09,58.41999816894531,58.66999816894531,58.310001373291016,58.58000183105469,55.174686431884766,4604800
2019-09-10,58.47999954223633,58.54999923706055,58.08000183105469,58.349998474121094,54.95806121826172,3278800
2019-09-11,58.720001220703125,59.06999969482422,58.4900016784668,58.939998626708984,55.51375961303711,5166200
2019-09-12,59.33000183105469,59.83000183105469,59.04999923706055,59.380001068115234,55.928184509277344,5524800
2019-09-13,59.779998779296875,59.939998626708984,59.709999084472656,59.81999969482422,56.34260940551758,2838500
2019-09-16,59.2599983215332,59.369998931884766,58.97999954223633,59.189998626708984,55.74922561645508,2282900
2019-09-17,58.540000915527344,59.09000015258789,58.5099983215332,59.04999923706055,55.617366790771484,2379600
2019-09-18,58.93000030517578,58.939998626708984,58.34000015258789,58.7599983215332,55.3442268371582,2599200
2019-09-19,58.72999954223633,59.0,58.459999084472656,58.529998779296875,55.12759017944336,5134200
2019-09-20,58.59000015258789,58.7400016784668,57.939998626708984,58.20000076293945,54.81678009033203,3527900
2019-09-23,57.83000183105469,57.93000030517578,57.630001068115234,57.83000183105469,54.46828842163086,1837900
2019-09-24,57.779998779296875,57.779998779296875,56.790000915527344,56.849998474121094,53.54525375366211,6998900
2019-09-25,56.68000030517578,57.2400016784668,56.47999954223633,57.18000030517578,53.856075286865234,2635300
2019-09-26,56.970001220703125,57.119998931884766,56.66999816894531,56.779998779296875,53.47932434082031,3124100
2019-09-27,56.869998931884766,57.040000915527344,55.189998626708984,55.540000915527344,52.3114128112793,5490900
2019-09-30,56.29999923706055,56.5099983215332,56.0,56.08000183105469,52.82002258300781,3181100
2019-10-01,56.25,56.25,55.52000045776367,55.779998779296875,52.53745651245117,3805600
2019-10-02,55.56999969482422,55.81999969482422,55.380001068115234,55.77000045776367,52.52803421020508,3243400
2019-10-03,56.13999938964844,56.75,55.93000030517578,56.75,53.451072692871094,2552700
2019-10-04,56.40999984741211,56.77000045776367,56.150001525878906,56.689998626708984,53.39455032348633,2057400
2019-10-07,56.29999923706055,56.689998626708984,56.15999984741211,56.279998779296875,53.00838851928711,4023900
2019-10-08,55.79999923706055,55.939998626708984,55.349998474121094,55.369998931884766,52.15128707885742,5895400
2019-10-09,56.189998626708984,56.380001068115234,55.93000030517578,56.130001068115234,52.86711120605469,4039000
2019-10-10,56.45000076293945,57.13999938964844,56.45000076293945,56.900001525878906,53.59235382080078,3175100
2019-10-11,57.959999084472656,58.58000183105469,57.869998931884766,58.0099983215332,54.637821197509766,6033900
2019-10-14,58.11000061035156,58.18000030517578,57.790000915527344,57.79999923706055,54.440032958984375,2203500
2019-10-15,58.099998474121094,58.68000030517578,58.040000915527344,58.4900016784668,55.08992385864258,2327800
2019-10-16,58.400001525878906,58.68000030517578,58.279998779296875,58.59000015258789,55.18410873413086,2020900
2019-10-17,58.970001220703125,58.970001220703125,58.630001068115234,58.68000030517578,55.26887893676758,2672700
2019-10-18,58.45000076293945,58.560001373291016,57.72999954223633,57.72999954223633,54.37409591674805,4157600
2019-10-21,58.189998626708984,58.45000076293945,58.08000183105469,58.380001068115234,54.9863166809082,2430100
2019-10-22,58.33000183105469,58.4900016784668,57.86000061035156,58.0,54.6284065246582,1882100
2019-10-23,57.56999969482422,57.77000045776367,57.40999984741211,57.77000045776367,54.411773681640625,1810300
2019-10-24,58.0,58.06999969482422,57.810001373291016,57.95000076293945,54.58131408691406,2487800
2019-10-25,58.029998779296875,58.63999938964844,58.0099983215332,58.59000015258789,55.18410873413086,2152300
2019-10-28,59.06999969482422,59.43000030517578,59.060001373291016,59.31999969482422,55.87166976928711,2937100
2019-10-29,58.68000030517578,58.810001373291016,58.540000915527344,58.68000030517578,55.26887893676758,2594000
2019-10-30,58.349998474121094,58.70000076293945,58.06999969482422,58.689998626708984,55.27829360961914,2677500
2019-10-31,58.689998626708984,58.7599983215332,58.18000030517578,58.470001220703125,55.07108688354492,2635700
2019-11-01,59.29999923706055,59.65999984741211,59.20000076293945,59.369998931884766,55.918766021728516,3282900
2019-11-04,60.38999938964844,60.529998779296875,60.130001068115234,60.36000061035156,56.851219177246094,3182900
2019-11-05,60.75,60.84000015258789,60.45000076293945,60.70000076293945,57.17145538330078,1934300
2019-11-06,60.869998931884766,60.939998626708984,60.52000045776367,60.709999084472656,57.180870056152344,3434700
2019-11-07,61.349998474121094,61.70000076293945,61.220001220703125,61.439998626708984,57.868438720703125,4872800
2019-11-08,61.189998626708984,61.279998779296875,60.880001068115234,61.130001068115234,57.576454162597656,7074500
2019-11-11,59.9900016784668,60.40999984741211,59.88999938964844,60.38999938964844,56.879478454589844,2899200
2019-11-12,60.119998931884766,60.2599983215332,59.790000915527344,60.0,56.51214599609375,3324400
2019-11-13,59.27000045776367,59.36000061035156,58.959999084472656,59.13999938964844,55.7021369934082,2519400
2019-11-14,59.0099983215332,59.150001525878906,58.72999954223633,59.04999923706055,55.617366790771484,3358200
2019-11-15,59.08000183105469,59.25,59.02000045776367,59.16999816894531,55.73038864135742,2026100
2019-11-18,59.52000045776367,59.599998474121094,59.2400016784668,59.29999923706055,55.85283660888672,1438400
2019-11-19,60.34000015258789,60.34000015258789,59.75,59.90999984741211,56.42737579345703,1967500
2019-11-20,59.63999938964844,59.65999984741211,59.09000015258789,59.29999923706055,55.85283660888672,3546500
2019-11-21,59.20000076293945,59.400001525878906,59.04999923706055,59.34000015258789,55.89051055908203,2153500
2019-11-22,59.41999816894531,59.43000030517578,59.15999984741211,59.43000030517578,55.975276947021484,1271300
2019-11-25,60.04999923706055,60.47999954223633,59.93000030517578,60.470001220703125,56.9548225402832,2100200
2019-11-26,60.290000915527344,60.68000030517578,60.099998474121094,60.599998474121094,57.07726287841797,2981500
2019-11-27,60.59000015258789,60.86000061035156,60.459999084472656,60.81999969482422,57.28447723388672,1977300
2019-11-29,59.72999954223633,59.810001373291016,59.56999969482422,59.65999984741211,56.1919059753418,1358000
2019-12-02,59.75,59.790000915527344,59.2400016784668,59.4900016784668,56.03179168701172,9411300
2019-12-03,58.79999923706055,59.18000030517578,58.41999816894531,59.18000030517578,55.73981857299805,2420300
2019-12-04,59.54999923706055,59.68000030517578,59.400001525878906,59.439998626708984,55.98469543457031,1760700
2019-12-05,59.70000076293945,60.15999984741211,59.63999938964844,60.0099983215332,56.52156066894531,6221900
2019-12-06,60.560001373291016,60.619998931884766,60.380001068115234,60.5,56.98307800292969,2347600
2019-12-09,60.310001373291016,60.56999969482422,59.97999954223633,59.97999954223633,56.493309020996094,1368800
2019-12-10,60.349998474121094,60.52000045776367,60.20000076293945,60.33000183105469,56.822959899902344,1817400
2019-12-11,60.79999923706055,61.45000076293945,60.7400016784668,61.33000183105469,57.764835357666016,3653300
2019-12-12,61.33000183105469,62.43000030517578,61.279998779296875,62.34000015258789,58.71611785888672,4390500
2019-12-13,62.52000045776367,63.06999969482422,62.060001373291016,62.11000061035156,58.49948501586914,5114900
2019-12-16,62.310001373291016,62.619998931884766,62.27000045776367,62.43000030517578,59.3493766784668,3004600
2019-12-17,63.0,63.2400016784668,62.86000061035156,63.130001068115234,60.01483154296875,2729100
2019-12-18,63.310001373291016,63.459999084472656,63.25,63.40999984741211,60.28101348876953,3405600
2019-12-19,63.060001373291016,63.31999969482422,63.040000915527344,63.25,60.128910064697266,2177700
2019-12-20,63.439998626708984,63.61000061035156,63.310001373291016,63.540000915527344,60.404598236083984,4130200
2019-12-23,63.56999969482422,63.630001068115234,63.43000030517578,63.58000183105469,60.442626953125,2217200
2019-12-24,63.68000030517578,63.75,63.5099983215332,63.619998931884766,60.480648040771484,684800
2019-12-26,63.90999984741211,64.22000122070312,63.869998931884766,64.19000244140625,61.02252197265625,1022500
2019-12-27,64.58000183105469,64.58000183105469,64.20999908447266,64.2699966430664,61.098575592041016,1617400
2019-12-30,64.58000183105469,64.58999633789062,63.91999816894531,64.0,60.84189987182617,1974100
2019-12-31,64.02999877929688,64.20999908447266,63.849998474121094,64.08999633789062,60.92745590209961,2037200
2020-01-02,65.27999877929688,66.2300033569336,65.27999877929688,66.2300033569336,62.96186065673828,2800400
2020-01-03,65.06999969482422,65.45999908447266,64.94000244140625,64.98999786376953,61.783042907714844,2822500
2020-01-06,64.62000274658203,64.91000366210938,64.55000305175781,64.87999725341797,61.678466796875,3343900
2020-01-07,65.12999725341797,65.27999877929688,64.88999938964844,65.16000366210938,61.94466018676758,2145400
2020-01-08,64.80999755859375,65.73999786376953,64.70999908447266,65.3499984741211,62.125282287597656,5414100
2020-01-09,66.0199966430664,66.16999816894531,65.9000015258789,66.05999755859375,62.80024719238281,2893400
2020-01-10,66.37999725341797,66.66999816894531,66.19000244140625,66.48999786376953,63.20903015136719,2263800
2020-01-13,67.18000030517578,67.83999633789062,67.0199966430664,67.77999877929688,64.43538665771484,2720300
2020-01-14,67.20999908447266,67.23999786376953,66.7300033569336,67.01000213623047,63.703369140625,4242800
2020-01-15,66.81999969482422,66.97000122070312,66.58999633789062,66.73999786376953,63.446693420410156,2822700
2020-01-16,67.0999984741211,67.1500015258789,66.88999938964844,67.1500015258789,63.836463928222656,4338800
2020-01-17,67.41000366210938,67.5,67.22000122070312,67.44000244140625,64.11214447021484,2311000
2020-01-21,65.13999938964844,65.36000061035156,64.94000244140625,65.0,61.79254913330078,7652200
2020-01-22,65.91999816894531,65.95999908447266,65.19999694824219,65.3499984741211,62.125282287597656,2984200
2020-01-23,63.900001525878906,64.61000061035156,63.61000061035156,64.5,61.317230224609375,11900400
2020-01-24,64.33999633789062,64.41000366210938,63.0099983215332,63.400001525878906,60.271507263183594,3696200
2020-01-27,59.7599983215332,61.45000076293945,59.560001373291016,61.0,57.98993682861328,18990400
2020-01-28,61.290000915527344,61.779998779296875,60.849998474121094,61.61000061035156,58.5698356628418,8922600
2020-01-29,62.380001068115234,62.560001373291016,62.0,62.209999084472656,59.14022445678711,4466800
2020-01-30,60.7400016784668,61.310001373291016,60.27000045776367,61.2599983215332,58.237098693847656,5025100
2020-01-31,60.220001220703125,60.27000045776367,59.70000076293945,60.11000061035156,57.14385223388672,4111000
2020-02-03,60.38999938964844,61.310001373291016,60.38999938964844,60.970001220703125,57.9614143371582,3176100
2020-02-04,63.0099983215332,63.650001525878906,62.95000076293945,63.310001373291016,60.18594741821289,6925900
2020-02-05,64.37000274658203,64.38999938964844,63.09000015258789,63.29999923706055,60.17643737792969,4459100
2020-02-06,64.01000213623047,64.02999877929688,63.56999969482422,63.61000061035156,60.47114944458008,3950100
2020-02-07,63.310001373291016,63.349998474121094,62.79999923706055,62.95000076293945,59.84370803833008,3110500
2020-02-10,63.15999984741211,63.65999984741211,63.099998474121094,63.63999938964844,60.49966049194336,2920500
2020-02-11,64.56999969482422,64.94999694824219,64.4000015258789,64.52999877929688,61.345741271972656,3131200
2020-02-12,65.20999908447266,65.77999877929688,65.08000183105469,65.77999877929688,62.5340576171875,3707600
2020-02-13,64.87000274658203,65.27999877929688,64.72000122070312,64.87999725341797,61.678466796875,3315300
2020-02-14,65.1500015258789,65.19999694824219,64.56999969482422,64.81999969482422,61.621437072753906,2375900
2020-02-18,64.81999969482422,64.94000244140625,64.63999938964844,64.81999969482422,61.621437072753906,2435500
2020-02-19,65.23999786376953,65.45999908447266,65.2300033569336,65.30000305175781,62.0777587890625,1866600
2020-02-20,65.25,65.30000305175781,64.31999969482422,64.55999755859375,61.374263763427734,3246600
2020-02-21,64.69000244140625,64.7300033569336,64.13999938964844,64.30999755859375,61.136600494384766,7434000
2020-02-24,61.77000045776367,62.540000915527344,61.56999969482422,62.15999984741211,59.09269332885742,7396500
2020-02-25,63.06999969482422,63.119998931884766,61.77000045776367,61.79999923706055,58.750457763671875,10603200
2020-02-26,62.65999984741211,63.33000183105469,62.54999923706055,62.54999923706055,59.463443756103516,9460100
2020-02-27,62.209999084472656,62.959999084472656,61.40999984741211,61.810001373291016,58.75996017456055,14489900
2020-02-28,60.29999923706055,62.130001068115234,59.93000030517578,62.130001068115234,59.06417465209961,16712200
2020-03-02,62.40999984741211,62.970001220703125,61.810001373291016,62.959999084472656,59.85321807861328,12549600
2020-03-03,63.08000183105469,63.72999954223633,62.02000045776367,62.61000061035156,59.52048873901367,9593300
2020-03-04,63.220001220703125,63.720001220703125,63.130001068115234,63.619998931884766,60.480648040771484,4727000
2020-03-05,63.619998931884766,64.19999694824219,63.2400016784668,63.47999954223633,60.34756088256836,6988700
2020-03-06,62.209999084472656,62.470001220703125,61.380001068115234,62.11000061035156,59.04515838623047,4778000
2020-03-09,59.15999984741211,60.33000183105469,58.61000061035156,59.66999816894531,56.72555923461914,6047800
2020-03-10,61.70000076293945,61.970001220703125,60.630001068115234,61.959999084472656,58.90256118774414,5946400
2020-03-11,60.310001373291016,60.7599983215332,59.4900016784668,59.84000015258789,56.88717269897461,4993900
2020-03-12,55.810001373291016,56.349998474121094,54.58000183105469,55.34000015258789,52.609230041503906,6742800
2020-03-13,59.20000076293945,59.20000076293945,55.970001220703125,58.2599983215332,55.3851318359375,5513500
2020-03-16,50.20000076293945,54.689998626708984,50.0,52.56999969482422,49.975914001464844,4673800
2020-03-17,53.599998474121094,55.5,52.869998931884766,55.18000030517578,52.45712661743164,4897700
2020-03-18,51.72999954223633,53.34000015258789,50.599998474121094,52.36000061035156,49.77627944946289,8332000
2020-03-19,52.310001373291016,53.66999816894531,51.599998474121094,52.7400016784668,50.13752365112305,5921900
2020-03-20,54.56999969482422,54.75,52.5099983215332,52.599998474121094,50.004432678222656,10475500
2020-03-23,52.86000061035156,53.33000183105469,51.63999938964844,52.779998779296875,50.17555236816406,3624500
2020-03-24,55.369998931884766,56.11000061035156,54.970001220703125,55.90999984741211,53.15110397338867,4538600
2020-03-25,56.36000061035156,57.869998931884766,55.9900016784668,57.0099983215332,54.19682312011719,5461500
2020-03-26,57.040000915527344,58.900001525878906,56.779998779296875,58.79999923706055,55.89849853515625,8277000
2020-03-27,56.060001373291016,56.59000015258789,55.7400016784668,55.86000061035156,53.10356521606445,5377100
2020-03-30,56.29999923706055,57.119998931884766,55.900001525878906,57.119998931884766,54.3013916015625,4007400
2020-03-31,56.93000030517578,57.81999969482422,56.90999984741211,57.25,54.424983978271484,3751800
2020-04-01,56.20000076293945,56.63999938964844,55.209999084472656,55.209999084472656,52.48564529418945,3258400
2020-04-02,56.130001068115234,57.040000915527344,56.02000045776367,56.869998931884766,54.0637321472168,3861300
2020-04-03,56.900001525878906,57.09000015258789,55.95000076293945,56.20000076293945,53.42679214477539,3424600
2020-04-06,57.880001068115234,58.47999954223633,57.560001373291016,58.40999984741211,55.52773666381836,4778900
2020-04-07,59.79999923706055,59.79999923706055,58.220001220703125,58.41999816894531,55.53724670410156,4721200
2020-04-08,58.400001525878906,58.619998931884766,57.90999984741211,58.470001220703125,55.584781646728516,3019500
2020-04-09,58.790000915527344,59.27000045776367,58.18000030517578,58.38999938964844,55.50872802734375,3419300
2020-04-13,58.400001525878906,58.619998931884766,57.880001068115234,58.4900016784668,55.60379409790039,2014000
2020-04-14,59.58000183105469,60.0099983215332,59.58000183105469,59.7400016784668,56.79210662841797,3723200
2020-04-15,58.65999984741211,59.2400016784668,58.4900016784668,59.040000915527344,56.126651763916016,3600900
2020-04-16,59.61000061035156,59.86000061035156,59.400001525878906,59.70000076293945,56.75408935546875,3841500
2020-04-17,60.529998779296875,60.599998474121094,59.810001373291016,60.16999816894531,57.200889587402344,2980200
2020-04-20,59.91999816894531,60.68000030517578,59.88999938964844,60.08000183105469,57.11533737182617,2749200
2020-04-21,59.06999969482422,59.18000030517578,58.470001220703125,58.65999984741211,55.76539993286133,3188500
2020-04-22,60.13999938964844,60.220001220703125,59.900001525878906,59.95000076293945,56.99175262451172,1620300
2020-04-23,60.209999084472656,60.439998626708984,59.459999084472656,59.5099983215332,56.57345962524414,2687000
2020-04-24,59.86000061035156,59.869998931884766,59.25,59.65999984741211,56.71605682373047,1227200
2020-04-27,60.400001525878906,60.560001373291016,60.209999084472656,60.5099983215332,57.52410888671875,5079700
2020-04-28,61.290000915527344,61.349998474121094,60.279998779296875,60.31999969482422,57.34349060058594,6184600
2020-04-29,61.0,61.529998779296875,60.88999938964844,61.34000015258789,58.31315612792969,3224200
2020-04-30,61.130001068115234,61.36000061035156,59.599998474121094,59.97999954223633,57.020267486572266,4178200
2020-05-01,58.58000183105469,58.65999984741211,57.56999969482422,57.689998626708984,54.84326934814453,5072900
2020-05-04,57.79999923706055,57.91999816894531,57.5,57.900001525878906,55.04290771484375,2678700
2020-05-05,58.790000915527344,59.08000183105469,58.630001068115234,58.709999084472656,55.81293869018555,2567400
2020-05-06,59.5099983215332,59.75,59.099998474121094,59.13999938964844,56.22171401977539,1558200
2020-05-07,59.66999816894531,59.810001373291016,59.369998931884766,59.630001068115234,56.68753433227539,1581400
2020-05-08,60.619998931884766,61.20000076293945,60.45000076293945,61.04999923706055,58.03746795654297,2317300
2020-05-11,60.97999954223633,61.41999816894531,60.959999084472656,61.22999954223633,58.20858383178711,3385100
2020-05-12,61.4900016784668,61.810001373291016,60.7599983215332,60.7599983215332,57.761775970458984,5519100
2020-05-13,61.65999984741211,61.900001525878906,60.59000015258789,61.0,57.98993682861328,4296100
2020-05-14,59.81999969482422,60.93000030517578,59.540000915527344,60.83000183105469,57.82832336425781,4846800
2020-05-15,59.95000076293945,60.369998931884766,59.88999938964844,60.310001373291016,57.333988189697266,2515100
2020-05-18,61.880001068115234,62.86000061035156,61.81999969482422,62.70000076293945,59.606048583984375,4352200
2020-05-19,62.63999938964844,63.13999938964844,62.45000076293945,62.47999954223633,59.39690399169922,2462300
2020-05-20,63.380001068115234,63.59000015258789,62.290000915527344,62.88999938964844,59.78666687011719,4230700
2020-05-21,61.529998779296875,61.81999969482422,61.029998779296875,61.349998474121094,58.322662353515625,4021600
2020-05-22,59.91999816894531,59.91999816894531,59.0099983215332,59.08000183105469,56.164676666259766,7005100
2020-05-26,60.66999816894531,61.08000183105469,60.06999969482422,60.16999816894531,57.200889587402344,6472400
2020-05-27,60.22999954223633,60.22999954223633,59.18000030517578,59.68000030517578,56.73507308959961,6224400
2020-05-28,59.66999816894531,60.11000061035156,59.18000030517578,59.2400016784668,56.31678771972656,9012300
2020-05-29,59.93000030517578,61.11000061035156,59.470001220703125,61.0,57.98993682861328,5976900
2020-06-01,61.36000061035156,62.09000015258789,61.31999969482422,62.06999969482422,59.00712966918945,3584800
2020-06-02,62.54999923706055,63.540000915527344,62.470001220703125,63.43000030517578,60.300025939941406,2957100
2020-06-03,63.869998931884766,64.4800033569336,63.65999984741211,64.33000183105469,61.15562057495117,3387900
2020-06-04,63.720001220703125,64.13999938964844,63.310001373291016,63.61000061035156,60.47114944458008,2165900
2020-06-05,64.6500015258789,64.98999786376953,64.56999969482422,64.69999694824219,61.50735855102539,4795400
2020-06-08,64.38999938964844,64.5199966430664,63.90999984741211,64.5199966430664,61.336238861083984,3295900
2020-06-09,63.93000030517578,64.54000091552734,63.77000045776367,64.44000244140625,61.260189056396484,6750900
2020-06-10,64.87999725341797,65.55000305175781,64.5999984741211,65.27999877929688,62.05873489379883,5596600
2020-06-11,63.720001220703125,64.04000091552734,62.720001220703125,62.810001373291016,59.71062469482422,7865500
2020-06-12,64.16999816894531,64.23999786376953,62.970001220703125,63.77000045776367,60.62324523925781,4047500
2020-06-15,62.470001220703125,63.630001068115234,62.290000915527344,63.45000076293945,60.54405212402344,6041400
2020-06-16,65.05000305175781,65.12999725341797,63.790000915527344,64.25,61.30740737915039,5347700
2020-06-17,64.58000183105469,65.01000213623047,64.48999786376953,64.79000091552734,61.82268142700195,2829800
2020-06-18,64.93000030517578,65.37999725341797,64.93000030517578,65.16000366210938,62.17573547363281,2305400
2020-06-19,65.9800033569336,65.9800033569336,64.93000030517578,65.08000183105469,62.099395751953125,5134400
2020-06-22,65.55000305175781,65.97000122070312,65.30999755859375,65.97000122070312,62.94864273071289,4003500
2020-06-23,66.83999633789062,67.22000122070312,66.77999877929688,66.91999816894531,63.85512924194336,2636200
2020-06-24,66.58999633789062,66.91000366210938,65.69999694824219,66.30000305175781,63.263526916503906,2249200
2020-06-25,66.0,66.19000244140625,65.62999725341797,66.05999755859375,63.03451156616211,1636500
2020-06-26,66.1500015258789,66.16999816894531,65.2300033569336,65.58999633789062,62.586036682128906,2384800
2020-06-29,65.45999908447266,65.63999938964844,64.97000122070312,65.56999969482422,62.566951751708984,2702800
2020-06-30,65.75,65.81999969482422,65.19000244140625,65.44999694824219,62.45244598388672,2358700
2020-07-01,65.91999816894531,66.47000122070312,65.81999969482422,66.02999877929688,63.005882263183594,2946200
2020-07-02,67.95999908447266,68.4000015258789,67.73999786376953,68.23999786376953,65.11466979980469,4727400
2020-07-06,72.29000091552734,73.25,72.08999633789062,73.19999694824219,69.84750366210938,5194500
2020-07-07,72.0,72.51000213623047,71.76000213623047,71.77999877929688,68.49253845214844,5283400
2020-07-08,73.5999984741211,74.93000030517578,73.45999908447266,74.87000274658203,71.44102478027344,4557600
2020-07-09,76.22000122070312,76.27999877929688,74.47000122070312,75.05000305175781,71.61278533935547,9225400
2020-07-10,74.58999633789062,74.68000030517578,73.80000305175781,74.37000274658203,70.96392822265625,7432000
2020-07-13,74.94000244140625,75.45999908447266,73.37000274658203,73.5199966430664,70.15284729003906,5407000
2020-07-14,72.2300033569336,73.04000091552734,71.66000366210938,72.87999725341797,69.54216003417969,6293600
2020-07-15,73.18000030517578,73.38999938964844,72.62000274658203,72.98999786376953,69.64712524414062,3568000
2020-07-16,70.29000091552734,70.91999816894531,70.12999725341797,70.76000213623047,67.51927185058594,3728100
2020-07-17,71.41000366210938,71.41000366210938,70.77999877929688,71.1500015258789,67.89139556884766,2652700
2020-07-20,72.23999786376953,72.79000091552734,71.91999816894531,72.69000244140625,69.36087036132812,3160300
2020-07-21,74.11000061035156,74.11000061035156,73.18000030517578,73.25,69.89521026611328,3427000
2020-07-22,72.7300033569336,72.7300033569336,71.73999786376953,72.12999725341797,68.82650756835938,2902300
2020-07-23,72.47000122070312,72.91999816894531,71.54000091552734,71.93000030517578,68.63567352294922,4977200
2020-07-24,70.08999633789062,70.98999786376953,69.77999877929688,70.94000244140625,67.6910171508789,4787800
2020-07-27,70.51000213623047,71.20999908447266,70.30000305175781,71.0199966430664,67.76734161376953,2764400
2020-07-28,71.30999755859375,71.44999694824219,70.70999908447266,70.76000213623047,67.51927185058594,2753100
2020-07-29,71.80999755859375,72.20999908447266,71.70999908447266,72.08999633789062,68.78833770751953,4133200
2020-07-30,71.55000305175781,71.77999877929688,70.98999786376953,71.66000366210938,68.37804412841797,2991200
2020-07-31,71.81999969482422,71.87000274658203,70.87999725341797,71.51000213623047,68.23490905761719,3233100
2020-08-03,72.56999969482422,73.16000366210938,72.5199966430664,72.94000244140625,69.59941101074219,4624800
2020-08-04,73.4800033569336,74.02999877929688,73.41000366210938,74.01000213623047,70.62041473388672,2558300
2020-08-05,74.47000122070312,74.83000183105469,74.4000015258789,74.61000061035156,71.19293212890625,3108500
2020-08-06,74.31999969482422,74.81999969482422,73.9000015258789,74.77999877929688,71.35515594482422,4016800
2020-08-07,72.7699966430664,73.01000213623047,71.72000122070312,72.33999633789062,69.02689361572266,7227300
2020-08-10,72.04000091552734,72.1500015258789,71.27999877929688,71.9000015258789,68.60704803466797,2593800
2020-08-11,72.37999725341797,72.54000091552734,71.66999816894531,71.80999755859375,68.52117156982422,3421800
2020-08-12,72.29000091552734,73.05000305175781,72.12999725341797,72.86000061035156,69.52307891845703,3679700
2020-08-13,72.8499984741211,72.8499984741211,72.02999877929688,72.31999969482422,69.0078125,2828900
2020-08-14,72.44999694824219,72.5199966430664,72.01000213623047,72.27999877929688,68.96963500976562,2656500
2020-08-17,72.8499984741211,73.80999755859375,72.80999755859375,73.77999877929688,70.40093231201172,3902700
2020-08-18,74.12000274658203,74.33000183105469,73.58999633789062,74.01000213623047,70.62041473388672,5019400
2020-08-19,73.75,73.75,73.0199966430664,73.2300033569336,69.87613677978516,2804500
2020-08-20,72.80999755859375,73.48999786376953,72.51000213623047,73.44999694824219,70.08605194091797,2267300
2020-08-21,73.41000366210938,74.43000030517578,73.2699966430664,74.25,70.84941101074219,3171200
2020-08-24,75.62000274658203,75.80999755859375,75.0199966430664,75.36000061035156,71.90857696533203,2945300
2020-08-25,75.55000305175781,76.6500015258789,75.30999755859375,76.54000091552734,73.03453826904297,2760900
2020-08-26,76.55999755859375,76.93000030517578,76.19000244140625,76.81999969482422,73.30171203613281,3114100
2020-08-27,77.12000274658203,77.12000274658203,75.93000030517578,76.29000091552734,72.79598999023438,3246800
2020-08-28,76.68000030517578,77.25,76.4800033569336,77.25,73.7120132446289,2539200
2020-08-31,76.0999984741211,76.0999984741211,75.25,75.6500015258789,72.18529510498047,3369200
2020-09-01,76.43000030517578,77.41999816894531,76.4000015258789,77.33999633789062,73.79789733886719,2961600
2020-09-02,77.70999908447266,77.70999908447266,76.37000274658203,77.19000244140625,73.65476989746094,4970400
2020-09-03,76.01000213623047,76.11000061035156,74.30999755859375,75.02999877929688,71.59368896484375,4275600
2020-09-04,74.7699966430664,75.30999755859375,73.01000213623047,74.80999755859375,71.3837661743164,6215700
2020-09-08,72.47000122070312,73.25,72.18000030517578,72.63999938964844,69.31315612792969,3861900
2020-09-09,73.04000091552734,73.52999877929688,72.6500015258789,73.31999969482422,69.9620132446289,3672500
2020-09-10,73.12999725341797,73.31999969482422,71.83000183105469,71.91000366210938,68.6166000366211,2737300
2020-09-11,73.0999984741211,73.36000061035156,72.29000091552734,72.7300033569336,69.39904022216797,3897500
2020-09-14,73.72000122070312,73.91000366210938,73.43000030517578,73.80000305175781,70.42003631591797,2903600
2020-09-15,74.91000366210938,75.04000091552734,74.58999633789062,74.81999969482422,71.39331817626953,2534000
2020-09-16,75.01000213623047,75.1500015258789,74.5,74.55999755859375,71.14521789550781,3086400
2020-09-17,73.69000244140625,74.33000183105469,73.5999984741211,74.08000183105469,70.68721008300781,3380000
2020-09-18,74.5,74.5,73.73999786376953,73.98999786376953,70.60132598876953,3923900
2020-09-21,72.80000305175781,73.70999908447266,72.31999969482422,73.70999908447266,70.33415222167969,3903300
2020-09-22,73.41999816894531,73.5,72.58000183105469,73.23999786376953,69.88567352294922,1771100
2020-09-23,73.31999969482422,73.41000366210938,72.38999938964844,72.47000122070312,69.15093994140625,3493200
2020-09-24,71.47000122070312,72.25,71.27999877929688,71.88999938964844,68.59749603271484,4104300
2020-09-25,71.11000061035156,71.62999725341797,70.48999786376953,71.5999984741211,68.32079315185547,3153300
2020-09-28,72.44000244140625,72.58000183105469,72.05000305175781,72.48999786376953,69.17002868652344,2688500
2020-09-29,72.1500015258789,72.5999984741211,72.1500015258789,72.4000015258789,69.08414459228516,2400900
2020-09-30,73.23999786376953,74.37999725341797,73.18000030517578,74.16999816894531,70.77308654785156,3346000
2020-10-01,74.91000366210938,75.02999877929688,74.37999725341797,74.8499984741211,71.42193603515625,2825800
2020-10-02,73.58999633789062,74.75,73.55000305175781,73.98999786376953,70.60132598876953,2804800
2020-10-05,74.16999816894531,74.41000366210938,73.93000030517578,74.38999938964844,70.98301696777344,1668900
2020-10-06,74.81999969482422,75.66999816894531,74.66999816894531,75.04000091552734,71.60323333740234,3268900
2020-10-07,75.80000305175781,76.08999633789062,75.4000015258789,75.87999725341797,72.40476989746094,3643300
2020-10-08,76.05000305175781,76.44999694824219,75.8499984741211,76.36000061035156,72.86278533935547,4052800
2020-10-09,76.33999633789062,76.91999816894531,76.18000030517578,76.7699966430664,73.2540054321289,2834200
2020-10-12,77.94999694824219,78.52999877929688,77.7300033569336,78.30999755859375,74.72348022460938,2702400
2020-10-13,78.27999877929688,78.55999755859375,77.86000061035156,78.36000061035156,74.77118682861328,3952800
2020-10-14,78.4000015258789,78.47000122070312,77.48999786376953,77.5999984741211,74.04598999023438,4232100
2020-10-15,76.33999633789062,77.05000305175781,76.12000274658203,76.94000244140625,73.41622161865234,6204000
2020-10-16,77.7699966430664,78.08999633789062,77.4800033569336,77.80999755859375,74.24637603759766,2352600
2020-10-19,77.91999816894531,78.33000183105469,77.16999816894531,77.33999633789062,73.79789733886719,3101200
2020-10-20,77.97000122070312,78.63999938964844,77.91999816894531,78.2699966430664,74.68531036376953,2283600
2020-10-21,78.6500015258789,79.05999755859375,78.4000015258789,78.45999908447266,74.8666000366211,3996600
2020-10-22,78.66999816894531,78.79000091552734,77.87000274658203,78.22000122070312,74.6375961303711,3305100
2020-10-23,78.16000366210938,78.54000091552734,77.55000305175781,78.52999877929688,74.93339538574219,2631700
2020-10-26,77.80000305175781,78.44000244140625,77.08000183105469,77.83999633789062,74.27499389648438,5077400
2020-10-27,78.16999816894531,79.23999786376953,77.95999908447266,79.11000061035156,75.48683166503906,4546700
2020-10-28,78.2699966430664,78.33999633789062,77.29000091552734,77.55000305175781,73.99828338623047,3371900
2020-10-29,78.69999694824219,79.41000366210938,78.54000091552734,79.08999633789062,75.4677505493164,4880100
2020-10-30,78.29000091552734,78.4000015258789,77.30999755859375,77.72000122070312,74.1604995727539,6350800
2020-11-02,79.08000183105469,79.0999984741211,78.27999877929688,79.0,75.38187408447266,3664100
2020-11-03,77.80000305175781,78.48999786376953,77.16000366210938,78.0,74.42767333984375,4678700
2020-11-04,79.87000274658203,81.75,79.58999633789062,81.44000244140625,77.71012115478516,8426000
2020-11-05,82.94000244140625,82.94000244140625,81.37999725341797,82.36000061035156,78.58798217773438,4419800
2020-11-06,82.12000274658203,83.08999633789062,81.70999908447266,82.80999755859375,79.01737976074219,4868800
2020-11-09,84.66999816894531,84.72000122070312,81.94000244140625,82.05000305175781,78.29218292236328,8125800
2020-11-10,80.69999694824219,80.87000274658203,78.94000244140625,79.33999633789062,75.70629119873047,6510300
2020-11-11,78.45999908447266,79.87999725341797,78.2699966430664,79.68000030517578,76.03073120117188,6074700
2020-11-12,80.69000244140625,81.12000274658203,79.54000091552734,79.73999786376953,76.08798217773438,4288700
2020-11-13,80.69999694824219,81.04000091552734,79.83000183105469,80.45999908447266,76.77500915527344,3928500
2020-11-16,80.69000244140625,81.02999877929688,80.3499984741211,80.66000366210938,76.9658432006836,5444200
2020-11-17,80.19999694824219,80.56999969482422,79.91000366210938,80.31999969482422,76.64141845703125,2447200
2020-11-18,80.45999908447266,80.52999877929688,79.62000274658203,79.87000274658203,76.2120361328125,3685600
2020-11-19,79.51000213623047,80.45999908447266,79.47000122070312,80.27999877929688,76.6032485961914,3531700
2020-11-20,80.9000015258789,81.69000244140625,80.75,81.5,77.76738739013672,1974000
2020-11-23,81.95999908447266,81.98999786376953,80.83000183105469,81.12999725341797,77.41432189941406,2759000
2020-11-24,81.91999816894531,82.05000305175781,81.20999908447266,82.05000305175781,78.29218292236328,5010500
2020-11-25,80.83999633789062,81.26000213623047,80.68000030517578,81.23999786376953,77.51927947998047,3289000
2020-11-27,82.37999725341797,82.62000274658203,82.16999816894531,82.43000030517578,78.65478515625,2017100
2020-11-30,81.08000183105469,81.08000183105469,79.75,79.80999755859375,76.15478515625,4330800
2020-12-01,81.0,81.06999969482422,80.31999969482422,80.44000244140625,76.75592803955078,3189000
2020-12-02,79.66000366210938,80.12000274658203,79.23999786376953,79.95999908447266,76.29790496826172,7132000
2020-12-03,80.36000061035156,81.08000183105469,80.3499984741211,80.69999694824219,77.0040054321289,3883500
2020-12-04,81.12000274658203,81.19999694824219,80.5199966430664,80.73999786376953,77.04218292236328,3346900
2020-12-07,80.06999969482422,80.58000183105469,80.01000213623047,80.33000183105469,76.65095520019531,3645600
2020-12-08,80.33000183105469,80.58999633789062,79.91999816894531,80.58000183105469,76.88951873779297,2285100
2020-12-09,80.33999633789062,80.37999725341797,79.0,79.23999786376953,75.61087799072266,3168700
2020-12-10,79.19999694824219,80.4800033569336,79.08000183105469,80.3499984741211,76.6700439453125,3015200
2020-12-11,79.69000244140625,79.91999816894531,79.41999816894531,79.5999984741211,75.95439147949219,3044900
2020-12-14,79.02999877929688,79.02999877929688,78.4800033569336,78.52999877929688,75.50634002685547,3099200
2020-12-15,78.70999908447266,78.9000015258789,78.30000305175781,78.87000274658203,75.83323669433594,2957900
2020-12-16,79.30000305175781,79.70999908447266,79.16000366210938,79.51000213623047,76.44860076904297,2635300
2020-12-17,80.43000030517578,80.56999969482422,79.97000122070312,80.38999938964844,77.29472351074219,2740500
2020-12-18,80.29000091552734,80.47000122070312,80.04000091552734,80.33999633789062,77.24664306640625,3930200
2020-12-21,79.27999877929688,80.22000122070312,79.13999938964844,79.95999908447266,76.88127136230469,3117200
2020-12-22,79.81999969482422,79.83000183105469,79.22000122070312,79.33999633789062,76.28514862060547,3216600
2020-12-23,80.04000091552734,80.04000091552734,79.51000213623047,79.80000305175781,76.7274398803711,1827900
2020-12-24,78.23999786376953,78.47000122070312,77.0,77.62000274658203,74.6313705444336,3093200
2020-12-28,77.5,77.80000305175781,77.06999969482422,77.4000015258789,74.41984558105469,4229300
2020-12-29,78.36000061035156,79.30999755859375,78.19999694824219,79.16000366210938,76.11207580566406,3199900
2020-12-30,80.69999694824219,81.13999938964844,80.41999816894531,80.91999816894531,77.80430603027344,3483000
2020-12-31,81.77999877929688,81.83999633789062,80.44999694824219,80.97000122070312,77.85238647460938,2780600
2021-01-04,81.94999694824219,82.26000213623047,80.87999725341797,81.23999786376953,78.11199188232422,4094900
2021-01-05,82.22000122070312,83.87999725341797,82.16999816894531,83.8499984741211,80.62149047851562,4352700
2021-01-06,83.48999786376953,83.83999633789062,81.9000015258789,82.12000274658203,78.95811462402344,5475100
2021-01-07,82.7300033569336,82.83999633789062,81.76000213623047,82.75,79.5638427734375,3910600
2021-01-08,83.62000274658203,85.47000122070312,83.37000274658203,85.44999694824219,82.15989685058594,4722700
2021-01-11,84.11000061035156,84.43000030517578,83.58999633789062,83.62999725341797,80.40995788574219,3127800
2021-01-12,84.56999969482422,85.13999938964844,84.31999969482422,84.5999984741211,81.34262084960938,3701000
2021-01-13,84.72000122070312,85.93000030517578,84.41999816894531,85.30999755859375,82.0252685546875,3375900
2021-01-14,86.62000274658203,86.68000030517578,85.76000213623047,85.83000183105469,82.52526092529297,4308900
2021-01-15,86.05999755859375,86.2699966430664,85.44000244140625,85.6500015258789,82.35218811035156,4764300
2021-01-19,88.61000061035156,88.81999969482422,88.29000091552734,88.72000122070312,85.3039779663086,3258500
2021-01-20,91.30000305175781,91.58999633789062,90.76000213623047,91.4000015258789,87.88079833984375,3896200
2021-01-21,91.19999694824219,91.25,90.37000274658203,91.0999984741211,87.59234619140625,5170600
2021-01-22,90.33000183105469,91.41999816894531,90.30000305175781,91.05999755859375,87.55387878417969,5298400
2021-01-25,93.6500015258789,94.02999877929688,92.19000244140625,92.91000366210938,89.3326644897461,7669100
2021-01-26,92.01000213623047,92.12000274658203,91.5,92.05000305175781,88.50576782226562,3707100
2021-01-27,89.6500015258789,90.23999786376953,89.06999969482422,89.12000274658203,85.68858337402344,4253200
2021-01-28,88.2300033569336,89.41999816894531,88.01000213623047,89.0999984741211,85.66934967041016,5149000
2021-01-29,87.91999816894531,88.55999755859375,87.08000183105469,87.5199966430664,84.15018463134766,3139800
2021-02-01,89.44000244140625,90.18000030517578,89.04000091552734,90.08999633789062,86.62123107910156,3221500
2021-02-02,91.26000213623047,91.2699966430664,90.38999938964844,90.98999786376953,87.48657989501953,3243000
2021-02-03,91.98999786376953,92.26000213623047,91.55999755859375,91.80000305175781,88.26538848876953,5760000
2021-02-04,91.87000274658203,91.91999816894531,91.36000061035156,91.83000183105469,88.29424285888672,3044000
2021-02-05,92.01000213623047,92.44000244140625,91.62999725341797,92.4000015258789,88.84229278564453,2437100
2021-02-08,92.43000030517578,92.70999908447266,92.26000213623047,92.5199966430664,88.9576644897461,2178400
2021-02-09,93.05999755859375,94.37999725341797,93.05999755859375,94.27999877929688,90.64990997314453,3790900
2021-02-10,95.5999984741211,95.97000122070312,94.25,95.05000305175781,91.39026641845703,3915000
2021-02-11,96.19999694824219,97.01000213623047,96.02999877929688,96.51000213623047,92.79405212402344,5547300
2021-02-12,96.22000122070312,96.87000274658203,95.69999694824219,96.37999725341797,92.6690444946289,2014700
2021-02-16,97.0,97.25,96.33999633789062,96.55999755859375,92.84211730957031,2647700
2021-02-17,97.37999725341797,97.55000305175781,96.44000244140625,97.19000244140625,93.44786834716797,2851400
2021-02-18,94.58999633789062,94.95999908447266,93.70999908447266,94.9000015258789,91.24604034423828,3643400
2021-02-19,95.94999694824219,96.2699966430664,95.41999816894531,95.6500015258789,91.9671630859375,2200700
2021-02-22,92.47000122070312,92.95999908447266,91.68000030517578,91.7300033569336,88.1980972290039,5747600
2021-02-23,90.55000305175781,92.26000213623047,88.8499984741211,91.93000030517578,88.39039611816406,4944200
2021-02-24,89.62000274658203,90.12999725341797,88.4000015258789,90.08999633789062,86.62123107910156,4760500
2021-02-25,90.08999633789062,90.33000183105469,87.91999816894531,88.0999984741211,84.7078628540039,4982000
2021-02-26,87.37999725341797,87.9800033569336,86.31999969482422,87.11000061035156,83.75597381591797,6173900
2021-03-01,88.86000061035156,89.91999816894531,88.70999908447266,89.80999755859375,86.35201263427734,2652100
2021-03-02,88.9000015258789,89.0,87.87999725341797,87.91999816894531,84.53478240966797,2659600
2021-03-03,88.94999694824219,89.30000305175781,87.22000122070312,87.5,84.13096618652344,6228300
2021-03-04,86.16999816894531,86.62999725341797,84.06999969482422,84.80000305175781,81.53491973876953,6769800
2021-03-05,85.69000244140625,85.69000244140625,83.05000305175781,85.19000244140625,81.90990447998047,7831100
2021-03-08,82.6500015258789,82.7699966430664,81.1500015258789,81.27999877929688,78.15045928955078,6116400
2021-03-09,83.12999725341797,85.01000213623047,83.08000183105469,84.5999984741211,81.34262084960938,5983900
2021-03-10,85.2300033569336,85.2300033569336,82.79000091552734,83.12000274658203,79.91960906982422,4991400
2021-03-11,85.88999938964844,87.0,85.41000366210938,86.94000244140625,83.59252166748047,6417100
2021-03-12,84.19999694824219,84.58999633789062,83.69000244140625,84.55000305175781,81.29454803466797,4716500
2021-03-15,83.70999908447266,84.43000030517578,83.2699966430664,84.36000061035156,81.11185455322266,3146300
2021-03-16,84.7699966430664,85.37999725341797,84.44999694824219,84.87000274658203,81.60222625732422,2728300
2021-03-17,84.18000030517578,85.55000305175781,83.63999938964844,85.0999984741211,81.8233642578125,4135100
2021-03-18,85.0,85.12000274658203,84.16999816894531,84.29000091552734,81.04454803466797,4567900
2021-03-19,83.94000244140625,84.91000366210938,83.62999725341797,84.9000015258789,81.63106536865234,3765400
2021-03-22,84.63999938964844,84.87000274658203,84.16999816894531,84.5999984741211,81.34262084960938,2254200
2021-03-23,83.27999877929688,83.62000274658203,82.88999938964844,82.91999816894531,79.72730255126953,3206700
2021-03-24,81.88999938964844,81.88999938964844,79.33000183105469,79.33999633789062,76.28514862060547,5656700
2021-03-25,79.12000274658203,80.04000091552734,79.0,79.33000183105469,76.27552795410156,5498800
2021-03-26,80.0999984741211,81.43000030517578,79.04000091552734,81.3499984741211,78.2177505493164,4782400
2021-03-29,80.63999938964844,81.16000366210938,80.37000274658203,80.7699966430664,77.66007995605469,4169600
2021-03-30,80.94999694824219,81.69000244140625,80.51000213623047,81.54000091552734,78.40043640136719,3104200
2021-03-31,81.26000213623047,81.9800033569336,81.16999816894531,81.69999694824219,78.55426788330078,5859600
2021-04-01,83.8499984741211,83.94999694824219,82.8499984741211,82.91999816894531,79.72730255126953,2819900
2021-04-05,83.76000213623047,83.76000213623047,82.86000061035156,83.0999984741211,79.90037536621094,1763100
2021-04-06,83.0199966430664,84.45999908447266,82.73999786376953,83.94999694824219,80.7176513671875,2787300
2021-04-07,81.31999969482422,81.79000091552734,81.05000305175781,81.54000091552734,78.40043640136719,4670400
2021-04-08,82.83999633789062,83.04000091552734,82.51000213623047,82.61000061035156,79.42923736572266,3393000
2021-04-09,81.43000030517578,81.52999877929688,81.12000274658203,81.37999725341797,78.24659729003906,3090600
2021-04-12,81.33000183105469,81.58999633789062,80.98999786376953,81.5,78.36198425292969,3080900
2021-04-13,81.0199966430664,81.9000015258789,81.0199966430664,81.66000366210938,78.51582336425781,2466900
2021-04-14,82.26000213623047,82.52999877929688,81.41000366210938,81.5199966430664,78.38121032714844,5205300
2021-04-15,81.80000305175781,82.0199966430664,81.62999725341797,81.80000305175781,78.65042877197266,2589000
2021-04-16,82.47000122070312,82.4800033569336,81.88999938964844,82.19000244140625,79.02542114257812,1837100
2021-04-19,82.25,82.51000213623047,81.70999908447266,82.16000366210938,78.99656677246094,1860600
2021-04-20,82.04000091552734,82.43000030517578,81.12999725341797,81.4800033569336,78.3427505493164,2404500
2021-04-21,81.26000213623047,82.19000244140625,80.93000030517578,82.12999725341797,78.96771240234375,2186500
2021-04-22,82.36000061035156,83.04000091552734,82.11000061035156,82.5199966430664,79.34269714355469,2247300
2021-04-23,83.44999694824219,83.98999786376953,83.3499984741211,83.79000091552734,80.56381225585938,2079500
2021-04-26,82.4000015258789,83.0,82.33000183105469,82.87000274658203,79.67922973632812,2211600
2021-04-27,83.19000244140625,83.4800033569336,82.9800033569336,83.23999786376953,80.03498077392578,1517900
2021-04-28,83.5999984741211,84.20999908447266,83.4800033569336,83.73999786376953,80.51573181152344,1858500
2021-04-29,84.12000274658203,84.2300033569336,82.58999633789062,83.30000305175781,80.0926742553711,3060800
2021-04-30,82.20999908447266,82.54000091552734,81.83000183105469,81.9800033569336,78.82350158691406,2312000
2021-05-03,81.91000366210938,82.5199966430664,81.63999938964844,81.7699966430664,78.62158966064453,4148800
2021-05-04,81.63999938964844,81.69999694824219,80.25,80.79000091552734,77.6793212890625,2285400
2021-05-05,81.2300033569336,81.4000015258789,80.72000122070312,80.76000213623047,77.65047454833984,1603200
2021-05-06,81.0,81.16000366210938,80.37999725341797,80.8499984741211,77.73701477050781,2707800
2021-05-07,80.86000061035156,81.4000015258789,80.66999816894531,80.7699966430664,77.66007995605469,2815700
2021-05-10,79.94999694824219,79.94999694824219,78.33000183105469,78.3499984741211,75.33326721191406,4374700
2021-05-11,77.0,79.04000091552734,76.93000030517578,78.94999694824219,75.91015625,2960700
2021-05-12,78.80000305175781,79.06999969482422,77.83000183105469,78.0,74.99674224853516,3450300
2021-05-13,77.93000030517578,78.1500015258789,76.20999908447266,76.69000244140625,73.73719024658203,4691600
2021-05-14,77.69999694824219,78.45999908447266,77.22000122070312,78.23999786376953,75.22750091552734,2884400
2021-05-17,78.77999877929688,79.2699966430664,78.62000274658203,79.0999984741211,76.05438232421875,2632600
2021-05-18,79.52999877929688,80.38999938964844,79.4800033569336,79.9000015258789,76.8235855102539,4744800
2021-05-19,78.97000122070312,80.0999984741211,78.91999816894531,79.94999694824219,76.87166595458984,3462200
2021-05-20,80.26000213623047,80.79000091552734,80.05999755859375,80.56999969482422,77.46778106689453,2337300
2021-05-21,80.30999755859375,80.30999755859375,79.26000213623047,79.37999725341797,76.32359313964844,3093800
2021-05-24,79.58999633789062,79.9000015258789,79.2699966430664,79.5999984741211,76.53512573242188,2288100
2021-05-25,81.20999908447266,81.70999908447266,81.08000183105469,81.29000091552734,78.16006469726562,2082200
2021-05-26,81.87999725341797,81.94999694824219,81.54000091552734,81.81999969482422,78.6696548461914,1990700
2021-05-27,81.9800033569336,82.16999816894531,81.5199966430664,82.16999816894531,79.00617980957031,3152100
2021-05-28,81.36000061035156,82.0999984741211,81.3499984741211,81.83999633789062,78.68888854980469,1932200
2021-06-01,84.22000122070312,84.2300033569336,83.45999908447266,84.08000183105469,80.84263610839844,2134600
2021-06-02,83.83999633789062,83.83999633789062,83.36000061035156,83.66000366210938,80.4388198852539,5909600
2021-06-03,82.37000274658203,82.52999877929688,81.8499984741211,82.01000213623047,78.85234069824219,3329800
2021-06-04,82.41000366210938,82.7699966430664,82.37999725341797,82.69999694824219,79.51577758789062,2164200
2021-06-07,82.06999969482422,82.0999984741211,81.4800033569336,81.95999908447266,78.80426788330078,2299800
2021-06-08,81.7699966430664,81.83000183105469,81.12999725341797,81.4800033569336,78.3427505493164,1420700
2021-06-09,81.66000366210938,82.08000183105469,81.3499984741211,81.36000061035156,78.22736358642578,1773300
2021-06-10,81.52999877929688,81.88999938964844,81.2300033569336,81.76000213623047,78.78335571289062,2355000
2021-06-11,81.5,81.5199966430664,81.0999984741211,81.4800033569336,78.51355743408203,2283100
2021-06-14,81.48999786376953,81.83999633789062,81.2300033569336,81.6500015258789,78.6773681640625,3208900
2021-06-15,81.19000244140625,81.19000244140625,80.43000030517578,80.43000030517578,77.50178527832031,2545700
2021-06-16,79.86000061035156,80.19000244140625,79.0,79.18000030517578,76.29729461669922,3779200
2021-06-17,79.95999908447266,80.63999938964844,79.7300033569336,80.43000030517578,77.50178527832031,3719300
2021-06-18,80.37999725341797,80.63999938964844,80.22000122070312,80.31999969482422,77.39579010009766,2900800
2021-06-21,80.02999877929688,80.31999969482422,79.54000091552734,80.2699966430664,77.34760284423828,2150400
2021-06-22,79.7300033569336,79.83999633789062,79.43000030517578,79.69000244140625,76.7887191772461,5028700
2021-06-23,80.54000091552734,81.25,80.52999877929688,80.72000122070312,77.7812271118164,4122100
2021-06-24,81.18000030517578,81.75,81.05999755859375,81.63999938964844,78.66773223876953,2200800
2021-06-25,82.80999755859375,83.11000061035156,82.43000030517578,83.0199966430664,79.99748229980469,4143900
2021-06-28,83.31999969482422,83.70999908447266,83.26000213623047,83.51000213623047,80.46965789794922,3038300
2021-06-29,82.66999816894531,83.3499984741211,82.33999633789062,83.31999969482422,80.28656768798828,2432200
2021-06-30,82.51000213623047,82.7699966430664,82.31999969482422,82.44000244140625,79.43860626220703,3496700
2021-07-01,82.48999786376953,82.72000122070312,81.30999755859375,81.7699966430664,78.79299926757812,2665900
2021-07-02,80.80000305175781,80.81999969482422,80.27999877929688,80.56999969482422,77.63668060302734,2202300
2021-07-06,78.81999969482422,79.0199966430664,78.11000061035156,78.33000183105469,75.47824096679688,3017400
2021-07-07,78.9800033569336,79.08000183105469,77.9000015258789,78.01000213623047,75.16989135742188,3733700
2021-07-08,75.51000213623047,76.02999877929688,75.19000244140625,75.75,72.99217224121094,6318800
2021-07-09,77.0,77.91000366210938,76.7300033569336,77.7300033569336,74.90008544921875,2423100
2021-07-12,77.5,77.61000061035156,77.04000091552734,77.47000122070312,74.6495590209961,1611000
2021-07-13,78.18000030517578,78.95999908447266,78.11000061035156,78.33000183105469,75.47824096679688,2531800
2021-07-14,79.01000213623047,79.01000213623047,78.12999725341797,78.2300033569336,75.38188934326172,2930600
2021-07-15,78.86000061035156,79.41000366210938,78.62999725341797,78.94999694824219,76.0756607055664,3869200
2021-07-16,78.94999694824219,79.0,77.83999633789062,78.01000213623047,75.16989135742188,5161500
2021-07-19,76.63999938964844,76.97000122070312,76.19999694824219,76.97000122070312,74.16775512695312,4207000
2021-07-20,76.36000061035156,77.08999633789062,76.12000274658203,76.83999633789062,74.04248046875,2928400
2021-07-21,76.58999633789062,77.54000091552734,76.41999816894531,77.54000091552734,74.71700286865234,2217300
2021-07-22,77.5999984741211,77.79000091552734,77.2300033569336,77.52999877929688,74.70736694335938,4602900
2021-07-23,75.31999969482422,75.38999938964844,74.18000030517578,74.83999633789062,72.11528778076172,4977200
2021-07-26,71.41000366210938,72.11000061035156,70.37999725341797,70.62999725341797,68.0585708618164,7900100
2021-07-27,67.5,67.98999786376953,66.16000366210938,67.79000091552734,65.32196807861328,10704500
2021-07-28,69.94000244140625,72.23999786376953,69.87999725341797,71.9800033569336,69.35942840576172,8115000
2021-07-29,72.63999938964844,72.63999938964844,71.1500015258789,71.72000122070312,69.10889434814453,7454400
2021-07-30,70.44000244140625,71.5199966430664,70.30999755859375,71.2699966430664,68.67527770996094,3813100
2021-08-02,71.87000274658203,72.62999725341797,71.7300033569336,72.22000122070312,69.59068298339844,4496500
2021-08-03,71.36000061035156,71.4000015258789,70.8499984741211,71.37000274658203,68.77163696289062,3266200
2021-08-04,72.19000244140625,72.8499984741211,72.13999938964844,72.4000015258789,69.7641372680664,3759400
2021-08-05,71.52999877929688,71.91999816894531,71.27999877929688,71.55999755859375,68.95471954345703,2555500
2021-08-06,71.47000122070312,71.47000122070312,70.43000030517578,70.68000030517578,68.10675048828125,4227100
2021-08-09,71.38999938964844,72.16000366210938,71.27999877929688,71.94000244140625,69.32088470458984,3707500
2021-08-10,73.08999633789062,73.13999938964844,72.38999938964844,72.58000183105469,69.93757629394531,2834600
2021-08-11,73.30000305175781,73.36000061035156,72.4000015258789,72.75,70.10138702392578,2118400
2021-08-12,71.86000061035156,71.95999908447266,71.33999633789062,71.58000183105469,68.97398376464844,3210600
2021-08-13,71.30999755859375,71.41000366210938,70.86000061035156,71.19999694824219,68.60781860351562,3218900
2021-08-16,70.06999969482422,70.13999938964844,69.5199966430664,69.83999633789062,67.29733276367188,2830100
2021-08-17,67.69000244140625,68.5199966430664,67.55999755859375,67.83999633789062,65.37015533447266,6179000
2021-08-18,68.4800033569336,69.01000213623047,68.30000305175781,68.30000305175781,65.81340026855469,5291900
2021-08-19,66.79000091552734,67.26000213623047,66.33000183105469,66.55000305175781,64.12712097167969,5138800
2021-08-20,65.98999786376953,66.93000030517578,65.93000030517578,66.12999725341797,63.7224006652832,4402100
2021-08-23,66.80000305175781,67.66000366210938,66.5199966430664,67.56999969482422,65.1099853515625,7938200
2021-08-24,69.56999969482422,70.56999969482422,69.5,70.5199966430664,67.95256805419922,6184400
2021-08-25,70.0999984741211,70.0999984741211,69.58000183105469,69.98999786376953,67.4418716430664,4689600
2021-08-26,69.37000274658203,69.5,68.8499984741211,68.91000366210938,66.40119171142578,2567700
2021-08-27,69.12999725341797,69.2300033569336,68.6500015258789,68.9800033569336,66.46864318847656,2435600
2021-08-30,68.80999755859375,69.31999969482422,68.25,69.23999786376953,66.71917724609375,3894900
2021-08-31,70.5,70.91000366210938,70.27999877929688,70.79000091552734,68.2127456665039,4682500
2021-09-01,71.51000213623047,72.88999938964844,71.37999725341797,72.5999984741211,69.95685577392578,5959700
2021-09-02,72.66000366210938,72.68000030517578,71.95999908447266,72.08999633789062,69.46541595458984,2611600
2021-09-03,71.73999786376953,72.20999908447266,71.63999938964844,72.04000091552734,69.417236328125,2135400
2021-09-07,73.5,74.18000030517578,73.37000274658203,73.94000244140625,71.2480697631836,4905700
2021-09-08,73.83999633789062,73.83999633789062,72.5,72.80000305175781,70.14957427978516,6991000
2021-09-09,71.58999633789062,72.4000015258789,71.4000015258789,72.1500015258789,69.52323913574219,4915800
2021-09-10,72.87999725341797,73.04000091552734,71.8499984741211,71.88999938964844,69.27269744873047,3977900
2021-09-13,71.56999969482422,71.86000061035156,70.94000244140625,71.61000061035156,69.00289916992188,4682000
2021-09-14,70.58999633789062,70.72000122070312,70.0,70.11000061035156,67.55751037597656,3491100
2021-09-15,69.25,69.41999816894531,68.55999755859375,69.3499984741211,66.82516479492188,4459000
2021-09-16,68.0199966430664,68.37999725341797,67.66000366210938,68.16000366210938,65.67849731445312,3795900
2021-09-17,69.08999633789062,69.2300033569336,68.58000183105469,68.91000366210938,66.40119171142578,4563000
2021-09-20,66.76000213623047,67.08999633789062,65.55999755859375,66.16000366210938,63.751312255859375,6667000
2021-09-21,66.79000091552734,67.0199966430664,66.54000091552734,66.83999633789062,64.40655517578125,3893800
2021-09-22,67.69000244140625,68.80000305175781,67.63999938964844,68.16000366210938,65.67849731445312,6003300
2021-09-23,67.8499984741211,68.05999755859375,67.4800033569336,68.0,65.52432250976562,4944500
2021-09-24,66.98999786376953,67.0,66.43000030517578,66.61000061035156,64.18492889404297,2946800
2021-09-27,66.70999908447266,67.69000244140625,66.36000061035156,67.55000305175781,65.09070587158203,4451400
2021-09-28,67.83000183105469,68.05999755859375,66.98999786376953,67.37000274658203,64.9172592163086,5041000
2021-09-29,67.23999786376953,67.55000305175781,66.56999969482422,66.61000061035156,64.18492889404297,3871100
2021-09-30,67.29000091552734,68.01000213623047,67.2699966430664,67.52999877929688,65.0714340209961,5731900
2021-10-01,67.37000274658203,67.62000274658203,66.30000305175781,66.87000274658203,64.43546295166016,3444900
2021-10-04,65.9800033569336,66.05999755859375,64.94999694824219,65.44999694824219,63.06715393066406,6013400
2021-10-05,65.61000061035156,66.47000122070312,65.51000213623047,66.16000366210938,63.751312255859375,2575400
2021-10-06,65.11000061035156,66.06999969482422,65.0199966430664,65.94999694824219,63.548954010009766,3374400
2021-10-07,67.61000061035156,68.98999786376953,67.48999786376953,68.63999938964844,66.14102172851562,6029000
2021-10-08,68.98999786376953,69.36000061035156,68.62000274658203,69.16999816894531,66.65171813964844,3413200
2021-10-11,70.0999984741211,70.12999725341797,68.98999786376953,69.02999877929688,66.5168228149414,4222000
2021-10-12,69.16999816894531,69.45999908447266,68.55000305175781,68.5999984741211,66.10247802734375,4475300
2021-10-13,69.4800033569336,70.3499984741211,69.4000015258789,70.20999908447266,67.65386199951172,4418100
2021-10-14,70.0199966430664,70.19000244140625,69.2300033569336,69.68000030517578,67.14315795898438,4913600
2021-10-15,70.01000213623047,70.76000213623047,69.81999969482422,70.43000030517578,67.86585235595703,4521800
2021-10-18,70.36000061035156,71.08000183105469,70.30000305175781,70.73999786376953,68.16456604003906,3210600
2021-10-19,71.66999816894531,72.62000274658203,71.51000213623047,72.55000305175781,69.90867614746094,4018800
2021-10-20,73.05000305175781,73.12999725341797,72.27999877929688,72.61000061035156,69.96648406982422,2887800
2021-10-21,72.23999786376953,72.72000122070312,72.19000244140625,72.47000122070312,69.83158111572266,5384200
2021-10-22,72.91999816894531,73.47000122070312,72.22000122070312,72.4800033569336,69.84122467041016,5271400
2021-10-25,72.6500015258789,72.83999633789062,72.08999633789062,72.72000122070312,70.07247924804688,2778700
2021-10-26,72.33000183105469,72.36000061035156,70.98999786376953,71.12000274658203,68.5307388305664,4076300
2021-10-27,70.4000015258789,71.16000366210938,70.25,70.3499984741211,67.78876495361328,7822100
2021-10-28,70.0199966430664,70.43000030517578,69.5999984741211,70.4000015258789,67.83695220947266,3993900
2021-10-29,69.77999877929688,69.88999938964844,68.8499984741211,69.23999786376953,66.71917724609375,5052100
2021-11-01,68.87999725341797,70.33000183105469,68.86000061035156,70.31999969482422,67.75985717773438,4839500
2021-11-02,68.87999725341797,68.87999725341797,68.19000244140625,68.33000183105469,65.8423080444336,4242000
2021-11-03,68.72000122070312,69.06999969482422,68.36000061035156,69.0,66.48790740966797,3618900
2021-11-04,69.56999969482422,69.63999938964844,68.52999877929688,68.7699966430664,66.26628875732422,3237200
2021-11-05,68.4800033569336,68.55999755859375,67.37999725341797,67.6500015258789,65.18706512451172,3719500
2021-11-08,68.20999908447266,68.37000274658203,67.97000122070312,68.31999969482422,65.8326644897461,3031100
2021-11-09,68.04000091552734,68.5,67.56999969482422,67.76000213623047,65.2930679321289,2947200
2021-11-10,68.37999725341797,69.0199966430664,67.95999908447266,68.41999816894531,65.92903900146484,4091100
2021-11-11,69.83999633789062,70.66000366210938,69.75,70.6500015258789,68.07785034179688,5030800
2021-11-12,70.41999816894531,70.79000091552734,70.0999984741211,70.66000366210938,68.08748626708984,11464500
2021-11-15,70.66000366210938,70.72000122070312,70.04000091552734,70.13999938964844,67.58641052246094,4468300
2021-11-16,71.01000213623047,71.19000244140625,70.55000305175781,70.98999786376953,68.40547180175781,4268500
2021-11-17,71.2300033569336,71.2300033569336,70.01000213623047,70.2699966430664,67.71167755126953,3761300
2021-11-18,68.83999633789062,68.9000015258789,67.91999816894531,68.31999969482422,65.8326644897461,5744900
2021-11-19,68.88999938964844,69.30000305175781,68.56999969482422,68.68000030517578,66.17957305908203,3180700
2021-11-22,68.5,68.70999908447266,67.58000183105469,67.94999694824219,65.47615051269531,3826400
2021-11-23,67.8499984741211,68.30999755859375,67.19000244140625,67.48999786376953,65.03289031982422,4972600
2021-11-24,67.20999908447266,67.76000213623047,66.87000274658203,67.73999786376953,65.2737808227539,3936700
2021-11-26,66.13999938964844,66.36000061035156,65.45999908447266,65.9800033569336,63.57787322998047,4824100
2021-11-29,66.06999969482422,66.0999984741211,65.29000091552734,65.56999969482422,63.182796478271484,5398700
2021-11-30,65.58999633789062,65.87000274658203,64.55000305175781,65.20999908447266,62.83589553833008,6595700
2021-12-01,65.93000030517578,66.3499984741211,64.75,64.75,62.392642974853516,6474500
2021-12-02,65.20999908447266,65.91000366210938,64.29000091552734,64.94999694824219,62.58536148071289,8347500
2021-12-03,64.56999969482422,64.72000122070312,62.68000030517578,63.09000015258789,60.7930793762207,10263200
2021-12-06,62.84000015258789,64.19000244140625,62.41999816894531,64.12000274658203,61.78558349609375,6943500
2021-12-07,65.31999969482422,65.58999633789062,65.05999755859375,65.33999633789062,62.96116638183594,5310400
2021-12-08,65.45999908447266,66.26000213623047,65.1500015258789,65.94000244140625,63.5393180847168,6329100
2021-12-09,66.05000305175781,66.62000274658203,65.70999908447266,65.9000015258789,63.500770568847656,3800000
2021-12-10,65.73999786376953,66.11000061035156,65.55000305175781,65.9000015258789,63.500770568847656,8905400
2021-12-13,64.94999694824219,65.01000213623047,63.95000076293945,64.3499984741211,62.45930480957031,4671700
2021-12-14,63.400001525878906,64.30999755859375,63.400001525878906,64.16999816894531,62.28459167480469,5881700
2021-12-15,63.0,63.13999938964844,61.709999084472656,62.65999984741211,60.8189582824707,6740300
2021-12-16,63.43000030517578,63.97999954223633,62.709999084472656,62.83000183105469,60.98396682739258,5365700
2021-12-17,61.65999984741211,62.439998626708984,61.2400016784668,62.09000015258789,60.265708923339844,4705500
2021-12-20,60.91999816894531,61.02000045776367,60.33000183105469,60.70000076293945,58.91654586791992,5045200
2021-12-21,61.45000076293945,62.61000061035156,61.29999923706055,62.540000915527344,60.70248794555664,4084900
2021-12-22,61.97999954223633,62.34000015258789,61.54999923706055,62.31999969482422,60.48895263671875,3825700
2021-12-23,62.290000915527344,62.939998626708984,62.0099983215332,62.72999954223633,60.886905670166016,2903800
2021-12-27,62.279998779296875,63.18000030517578,62.16999816894531,62.52000045776367,60.68307876586914,3397000
2021-12-28,62.130001068115234,62.2400016784668,61.75,61.880001068115234,60.0618782043457,3585600
2021-12-29,61.220001220703125,61.40999984741211,60.5099983215332,60.959999084472656,59.168907165527344,3005700
2021-12-30,61.13999938964844,63.5,61.0,63.150001525878906,61.29456329345703,6932100
2021-12-31,63.0,63.52000045776367,62.630001068115234,62.77000045776367,60.92572784423828,4054200
2022-01-03,62.65999984741211,62.880001068115234,61.84000015258789,62.7599983215332,60.916019439697266,4064700
2022-01-04,62.27000045776367,62.27000045776367,61.27000045776367,61.59000015258789,59.780399322509766,7281500
2022-01-05,60.63999938964844,61.58000183105469,60.189998626708984,60.20000076293945,58.43124008178711,8029400
2022-01-06,60.41999816894531,61.38999938964844,60.220001220703125,61.02000045776367,59.22714614868164,8462600
2022-01-07,61.56999969482422,62.41999816894531,61.4900016784668,61.9900016784668,60.16864776611328,8083600
2022-01-10,62.279998779296875,62.5,61.54999923706055,62.130001068115234,60.304534912109375,8030700
2022-01-11,62.459999084472656,63.810001373291016,62.22999954223633,63.79999923706055,61.92546463012695,8570600
2022-01-12,65.0999984741211,65.33000183105469,64.58000183105469,65.18000030517578,63.26492691040039,8486600
2022-01-13,64.2699966430664,64.27999877929688,63.150001525878906,63.20000076293945,61.34309387207031,8757300
2022-01-14,63.40999984741211,63.939998626708984,63.13999938964844,63.68000030517578,61.80899429321289,4300800
2022-01-18,62.470001220703125,63.31999969482422,62.20000076293945,62.880001068115234,61.03249740600586,8542600
2022-01-19,63.439998626708984,63.70000076293945,63.08000183105469,63.189998626708984,61.3333854675293,5376300
2022-01-20,65.51000213623047,66.05999755859375,64.70999908447266,64.83000183105469,62.92520523071289,7343600
2022-01-21,64.77999877929688,64.83000183105469,63.40999984741211,63.52000045776367,61.653690338134766,4778400
2022-01-24,62.61000061035156,62.779998779296875,61.25,62.61000061035156,60.77043151855469,8126300
2022-01-25,62.099998474121094,62.75,61.84000015258789,62.34000015258789,60.50836181640625,5214400
2022-01-26,62.810001373291016,62.83000183105469,61.130001068115234,61.18000030517578,59.3824462890625,5304600
2022-01-27,60.790000915527344,60.84000015258789,59.93000030517578,59.95000076293945,58.18858337402344,5673400
2022-01-28,59.47999954223633,59.810001373291016,58.709999084472656,59.810001373291016,58.052696228027344,4444900
2022-01-31,60.709999084472656,62.70000076293945,60.66999816894531,62.599998474121094,60.760719299316406,5763700
2022-02-01,62.869998931884766,63.11000061035156,62.209999084472656,62.9900016784668,61.13926696777344,5772000
2022-02-02,63.41999816894531,63.41999816894531,61.97999954223633,62.45000076293945,60.61513137817383,4615200
2022-02-03,61.970001220703125,62.560001373291016,61.65999984741211,62.029998779296875,60.20746612548828,5875700
2022-02-04,61.88999938964844,62.70000076293945,61.66999816894531,62.400001525878906,60.56659698486328,7585100
2022-02-07,62.09000015258789,62.29999923706055,61.7400016784668,61.970001220703125,60.149234771728516,5616000
2022-02-08,61.68000030517578,62.709999084472656,61.599998474121094,62.65999984741211,60.8189582824707,5382900
2022-02-09,63.22999954223633,64.04000091552734,63.11000061035156,64.04000091552734,62.15841293334961,4349500
2022-02-10,63.29999923706055,64.4800033569336,63.15999984741211,63.5,61.63428497314453,7773600
2022-02-11,63.33000183105469,63.63999938964844,62.060001373291016,62.220001220703125,60.39188766479492,6856800
2022-02-14,61.93000030517578,62.060001373291016,61.34000015258789,61.7400016784668,59.92599105834961,5290600
2022-02-15,62.439998626708984,63.189998626708984,62.38999938964844,63.15999984741211,61.30426788330078,4296500
2022-02-16,63.029998779296875,63.619998931884766,62.720001220703125,63.25,61.391624450683594,5437300
2022-02-17,63.189998626708984,63.66999816894531,62.58000183105469,62.7599983215332,60.916019439697266,5221000
2022-02-18,62.150001525878906,62.150001525878906,61.20000076293945,61.56999969482422,59.760986328125,6563800
2022-02-22,60.060001373291016,60.52000045776367,59.599998474121094,59.91999816894531,58.15946578979492,5980000
2022-02-23,60.43000030517578,60.470001220703125,59.150001525878906,59.27000045776367,57.528560638427734,4409100
2022-02-24,56.630001068115234,58.9900016784668,56.630001068115234,58.959999084472656,57.2276725769043,8537800
2022-02-25,58.72999954223633,59.310001373291016,58.029998779296875,59.27000045776367,57.528560638427734,6373300
2022-02-28,58.22999954223633,58.95000076293945,58.130001068115234,58.61000061035156,56.88795471191406,8670000
2022-03-01,58.5,59.279998779296875,58.349998474121094,58.59000015258789,56.86854553222656,4531900
2022-03-02,58.59000015258789,58.59000015258789,57.540000915527344,58.15999984741211,56.45117950439453,4447100
2022-03-03,57.79999923706055,57.90999984741211,56.54999923706055,56.630001068115234,54.96613311767578,5702500
2022-03-04,55.79999923706055,56.2599983215332,55.119998931884766,55.470001220703125,53.840213775634766,5480200
2022-03-07,54.27000045776367,54.75,53.29999923706055,53.36000061035156,51.792205810546875,9935100
2022-03-08,53.029998779296875,53.58000183105469,52.15999984741211,52.709999084472656,51.16130447387695,6787700
2022-03-09,53.0099983215332,53.810001373291016,52.7400016784668,53.7400016784668,52.161041259765625,5066500
2022-03-10,52.040000915527344,52.04999923706055,51.09000015258789,51.380001068115234,49.870384216308594,5610300
2022-03-11,51.54999923706055,51.720001220703125,49.09000015258789,49.099998474121094,47.657371520996094,7009600
2022-03-14,46.709999084472656,47.310001373291016,45.40999984741211,45.56999969482422,44.2310905456543,9771000
2022-03-15,43.939998626708984,45.810001373291016,43.59000015258789,45.22999954223633,43.90107727050781,13852200
2022-03-16,50.900001525878906,54.77000045776367,50.29999923706055,54.70000076293945,53.092838287353516,25402100
2022-03-17,52.91999816894531,52.91999816894531,51.52000045776367,52.63999938964844,51.093360900878906,11296300
2022-03-18,52.72999954223633,55.689998626708984,52.43000030517578,55.060001373291016,53.4422607421875,11023400
2022-03-21,53.29999923706055,53.709999084472656,52.150001525878906,53.0,51.44278335571289,7318700
2022-03-22,54.689998626708984,55.529998779296875,54.41999816894531,55.040000915527344,53.42284393310547,7449000
2022-03-23,54.130001068115234,55.75,53.65999984741211,54.689998626708984,53.083126068115234,9578300
2022-03-24,54.13999938964844,54.36000061035156,53.369998931884766,54.18000030517578,52.588111877441406,4996200
2022-03-25,52.86000061035156,53.189998626708984,52.459999084472656,53.09000015258789,51.53014373779297,7741200
2022-03-28,53.43000030517578,53.88999938964844,53.02000045776367,53.709999084472656,52.131919860839844,7063400
2022-03-29,54.869998931884766,55.279998779296875,54.52000045776367,54.72999954223633,53.12195587158203,6270300
2022-03-30,54.70000076293945,55.619998931884766,54.619998931884766,54.84000015258789,53.228721618652344,7363100
2022-03-31,54.099998474121094,54.119998931884766,52.86000061035156,52.88999938964844,51.33601760864258,7191500
2022-04-01,55.290000915527344,55.75,54.400001525878906,54.75,53.14136505126953,7358100
2022-04-04,56.02000045776367,56.560001373291016,55.56999969482422,56.4900016784668,54.83024597167969,7039500
2022-04-05,56.15999984741211,56.22999954223633,54.83000183105469,54.91999816894531,53.30636978149414,7947500
2022-04-06,54.41999816894531,54.540000915527344,53.650001525878906,54.02000045776367,52.43281936645508,7034500
2022-04-07,53.66999816894531,53.720001220703125,52.7599983215332,53.06999969482422,51.5107307434082,7805100
2022-04-08,53.369998931884766,53.70000076293945,53.06999969482422,53.209999084472656,51.64661407470703,6575600
2022-04-11,52.029998779296875,52.63999938964844,51.75,51.939998626708984,50.4139289855957,7080200
2022-04-12,52.540000915527344,52.77000045776367,51.75,51.880001068115234,50.355690002441406,7016700
2022-04-13,52.130001068115234,52.88999938964844,51.90999984741211,52.7400016784668,51.190425872802734,5486000
2022-04-14,52.7400016784668,52.810001373291016,52.209999084472656,52.209999084472656,50.675994873046875,4299200
2022-04-18,51.7400016784668,52.040000915527344,51.130001068115234,51.810001373291016,50.287750244140625,5457700
2022-04-19,51.15999984741211,51.5099983215332,50.560001373291016,51.459999084472656,49.94803237915039,5139600
2022-04-20,51.040000915527344,51.060001373291016,49.88999938964844,49.900001525878906,48.43387222290039,6499900
2022-04-21,49.47999954223633,49.689998626708984,48.02000045776367,48.189998626708984,46.77410888671875,9068600
2022-04-22,48.79999923706055,49.779998779296875,48.41999816894531,48.4900016784668,47.06529998779297,7805200
2022-04-25,46.709999084472656,47.59000015258789,46.540000915527344,47.560001373291016,46.162620544433594,10316500
2022-04-26,47.310001373291016,47.31999969482422,46.5,46.5,45.133766174316406,7848900
2022-04-27,47.720001220703125,48.58000183105469,47.619998931884766,48.15999984741211,46.744991302490234,10182300
2022-04-28,48.68000030517578,48.72999954223633,47.7400016784668,48.650001525878906,47.2205924987793,9053700
2022-04-29,51.41999816894531,51.779998779296875,50.40999984741211,50.459999084472656,48.977413177490234,8894400
2022-05-02,50.209999084472656,50.93000030517578,49.790000915527344,50.72999954223633,49.239479064941406,7650700
2022-05-03,51.15999984741211,51.58000183105469,50.939998626708984,51.34000015258789,49.83155822753906,5607500
2022-05-04,50.41999816894531,51.650001525878906,50.040000915527344,51.56999969482422,50.05480194091797,8076600
2022-05-05,50.06999969482422,50.25,48.5,48.970001220703125,47.531192779541016,6976700
2022-05-06,48.380001068115234,48.470001220703125,47.349998474121094,47.52000045776367,46.12379455566406,6663300
2022-05-09,46.439998626708984,46.939998626708984,45.599998474121094,45.779998779296875,44.434913635253906,7080100
2022-05-10,47.04999923706055,47.09000015258789,45.849998474121094,46.45000076293945,45.085235595703125,7989600
2022-05-11,47.400001525878906,47.86000061035156,46.279998779296875,46.400001525878906,45.036705017089844,7296100
2022-05-12,46.13999938964844,47.09000015258789,45.59000015258789,46.45000076293945,45.085235595703125,7825300
2022-05-13,47.38999938964844,48.380001068115234,47.290000915527344,48.31999969482422,46.900291442871094,6738100
2022-05-16,48.18000030517578,48.61000061035156,47.90999984741211,48.22999954223633,46.81293487548828,3768600
2022-05-17,49.97999954223633,50.290000915527344,49.130001068115234,49.75,48.288272857666016,6708300
2022-05-18,49.11000061035156,49.4900016784668,48.27000045776367,48.380001068115234,46.95853042602539,4198900
2022-05-19,48.779998779296875,49.810001373291016,48.75,49.56999969482422,48.11355972290039,5614800
2022-05-20,50.189998626708984,50.5,48.939998626708984,49.7400016784668,48.278568267822266,8578000
2022-05-23,49.70000076293945,49.790000915527344,49.279998779296875,49.7599983215332,48.297977447509766,9497300
2022-05-24,48.5099983215332,48.529998779296875,47.54999923706055,47.849998474121094,46.444095611572266,5059700
2022-05-25,48.08000183105469,48.43000030517578,47.86000061035156,48.29999923706055,46.88087844848633,5252000
2022-05-26,48.5,50.11000061035156,48.47999954223633,49.970001220703125,48.50181198120117,4507800
2022-05-27,50.119998931884766,50.220001220703125,49.470001220703125,50.209999084472656,48.73475646972656,3705900
2022-05-31,52.5,52.529998779296875,51.72999954223633,51.790000915527344,50.26833724975586,5564600
2022-06-01,52.04999923706055,52.22999954223633,50.9900016784668,51.290000915527344,49.78302764892578,5433300
2022-06-02,51.63999938964844,52.7400016784668,51.540000915527344,52.720001220703125,51.171016693115234,3891500
2022-06-03,52.470001220703125,52.470001220703125,51.7599983215332,51.90999984741211,50.38480758666992,7120800
2022-06-06,53.630001068115234,53.93000030517578,52.90999984741211,53.13999938964844,51.57866668701172,9634800
2022-06-07,53.18000030517578,54.16999816894531,52.97999954223633,54.099998474121094,52.51046371459961,5846200
2022-06-08,55.040000915527344,56.029998779296875,54.77000045776367,55.81999969482422,54.179927825927734,9869800
2022-06-09,54.29999923706055,54.63999938964844,53.31999969482422,53.31999969482422,52.04427719116211,7112300
2022-06-10,54.06999969482422,54.29999923706055,53.08000183105469,53.45000076293945,52.17116928100586,5760000
2022-06-13,52.04999923706055,52.439998626708984,50.880001068115234,51.150001525878906,49.92619705200195,11384600
2022-06-14,52.02000045776367,53.0099983215332,51.88999938964844,52.77000045776367,51.50743865966797,5581300
2022-06-15,53.47999954223633,54.11000061035156,52.91999816894531,53.79999923706055,52.51279067993164,6722900
2022-06-16,52.0,52.349998474121094,51.470001220703125,51.880001068115234,50.638729095458984,8916000
2022-06-17,53.709999084472656,53.84000015258789,52.29999923706055,52.779998779296875,51.51719284057617,9535800
2022-06-21,53.959999084472656,54.400001525878906,53.72999954223633,54.20000076293945,52.90322494506836,4974100
2022-06-22,53.209999084472656,53.83000183105469,53.099998474121094,53.36000061035156,52.08332061767578,7296800
2022-06-23,54.20000076293945,54.7599983215332,53.66999816894531,54.310001373291016,53.01059341430664,6715200
2022-06-24,55.349998474121094,55.88999938964844,55.20000076293945,55.810001373291016,54.47470474243164,9490000
2022-06-27,56.65999984741211,56.720001220703125,55.86000061035156,55.959999084472656,54.62111282348633,3645900
2022-06-28,56.790000915527344,57.08000183105469,55.869998931884766,55.970001220703125,54.63087463378906,12642600
2022-06-29,55.529998779296875,55.77000045776367,55.22999954223633,55.65999984741211,54.32829284667969,10368800
2022-06-30,55.33000183105469,55.810001373291016,54.709999084472656,55.810001373291016,54.47470474243164,6830100
2022-07-01,55.61000061035156,56.0,55.09000015258789,55.83000183105469,54.494224548339844,5773400
2022-07-05,54.650001525878906,55.68000030517578,54.33000183105469,55.619998931884766,54.289249420166016,9887800
2022-07-06,55.04999923706055,55.13999938964844,54.189998626708984,54.790000915527344,53.47910690307617,7464000
2022-07-07,55.41999816894531,56.2599983215332,55.400001525878906,56.02000045776367,54.67967987060547,6054900
2022-07-08,55.540000915527344,55.93000030517578,55.119998931884766,55.52000045776367,54.1916389465332,4812100
2022-07-11,53.720001220703125,53.720001220703125,52.900001525878906,53.04999923706055,51.78073501586914,10709400
2022-07-12,52.79999923706055,53.060001373291016,52.400001525878906,52.779998779296875,51.51719284057617,7591800
2022-07-13,51.84000015258789,52.9900016784668,51.77000045776367,52.540000915527344,51.28293991088867,5223500
2022-07-14,52.25,52.29999923706055,51.56999969482422,51.900001525878906,50.65825271606445,5568000
2022-07-15,51.22999954223633,51.31999969482422,50.38999938964844,51.310001373291016,50.08237075805664,4988100
2022-07-18,52.4900016784668,52.970001220703125,52.02000045776367,52.150001525878906,50.90227127075195,3035800
2022-07-19,52.45000076293945,52.68000030517578,52.13999938964844,52.630001068115234,51.370784759521484,2855300
2022-07-20,52.38999938964844,52.65999984741211,51.95000076293945,52.209999084472656,50.96083450317383,4598900
2022-07-21,52.08000183105469,52.599998474121094,52.08000183105469,52.56999969482422,51.31222152709961,4782200
2022-07-22,52.22999954223633,52.22999954223633,51.189998626708984,51.36000061035156,50.13117218017578,3909100
2022-07-25,51.470001220703125,51.68000030517578,51.22999954223633,51.599998474121094,50.36542892456055,3619300
2022-07-26,51.970001220703125,52.20000076293945,51.279998779296875,51.380001068115234,50.15069580078125,4279900
2022-07-27,51.58000183105469,51.970001220703125,51.02000045776367,51.88999938964844,50.64849090576172,3839200
2022-07-28,51.650001525878906,51.720001220703125,50.56999969482422,51.310001373291016,50.08237075805664,4346800
2022-07-29,49.68000030517578,49.79999923706055,49.27000045776367,49.689998626708984,48.50112533569336,6680100
2022-08-01,49.13999938964844,49.349998474121094,48.56999969482422,49.11000061035156,47.93500518798828,6965800
2022-08-02,48.209999084472656,49.529998779296875,48.119998931884766,48.83000183105469,47.661705017089844,10898700
2022-08-03,48.83000183105469,49.36000061035156,48.5,49.25,48.0716552734375,3761300
2022-08-04,50.16999816894531,50.599998474121094,49.7599983215332,50.0,48.8037109375,3510600
2022-08-05,49.43000030517578,49.709999084472656,49.20000076293945,49.61000061035156,48.42304229736328,3103800
2022-08-08,49.47999954223633,49.709999084472656,49.150001525878906,49.2400016784668,48.06189727783203,3392300
2022-08-09,49.189998626708984,49.40999984741211,48.84000015258789,48.95000076293945,47.77883529663086,1918400
2022-08-10,48.689998626708984,49.029998779296875,48.220001220703125,48.95000076293945,47.77883529663086,3476500
2022-08-11,49.65999984741211,50.720001220703125,49.650001525878906,49.84000015258789,48.64754104614258,6143400
2022-08-12,49.29999923706055,49.97999954223633,49.150001525878906,49.97999954223633,48.78418731689453,3757900
2022-08-15,49.619998931884766,49.869998931884766,49.33000183105469,49.75,48.5596923828125,3507900
2022-08-16,49.290000915527344,49.630001068115234,49.220001220703125,49.45000076293945,48.266868591308594,3171200
2022-08-17,49.29999923706055,49.59000015258789,49.18000030517578,49.29999923706055,48.12045669555664,4349100
2022-08-18,49.09000015258789,49.09000015258789,48.5,48.81999969482422,47.65194320678711,3438700
2022-08-19,48.65999984741211,48.849998474121094,48.349998474121094,48.470001220703125,47.31031799316406,2024500
2022-08-22,48.5099983215332,48.880001068115234,48.4900016784668,48.65999984741211,47.49576950073242,2633100
2022-08-23,48.650001525878906,48.84000015258789,48.119998931884766,48.75,47.5836181640625,4784900
2022-08-24,47.869998931884766,49.20000076293945,47.650001525878906,48.75,47.5836181640625,6425000
2022-08-25,49.84000015258789,50.810001373291016,49.619998931884766,50.790000915527344,49.57481384277344,4284200
2022-08-26,51.81999969482422,51.93000030517578,50.29999923706055,50.380001068115234,49.17462158203125,8153700
2022-08-29,50.27000045776367,50.869998931884766,49.93000030517578,49.95000076293945,48.75490951538086,7296200
2022-08-30,49.650001525878906,49.7599983215332,48.59000015258789,48.790000915527344,47.62266159057617,5177700
2022-08-31,49.790000915527344,50.33000183105469,49.529998779296875,49.689998626708984,48.50112533569336,5880900
2022-09-01,49.150001525878906,49.33000183105469,48.68000030517578,49.220001220703125,48.04237365722656,5208800
2022-09-02,48.81999969482422,48.93000030517578,48.27000045776367,48.31999969482422,47.16390609741211,3178000
2022-09-06,47.900001525878906,47.91999816894531,47.369998931884766,47.38999938964844,46.25615692138672,3567100
2022-09-07,47.43000030517578,48.11000061035156,47.349998474121094,48.04999923706055,46.900367736816406,3858500
2022-09-08,47.29999923706055,47.52000045776367,47.0099983215332,47.43000030517578,46.29520034790039,3110700
2022-09-09,48.25,48.599998474121094,48.22999954223633,48.36000061035156,47.20294952392578,2615100
2022-09-12,48.61000061035156,49.08000183105469,48.43000030517578,49.060001373291016,47.88620376586914,3795400
2022-09-13,47.86000061035156,48.15999984741211,47.349998474121094,47.43000030517578,46.29520034790039,6516100
2022-09-14,47.439998626708984,47.59000015258789,47.18000030517578,47.5099983215332,46.37328338623047,3784000
2022-09-15,47.2400016784668,47.630001068115234,47.0099983215332,47.119998931884766,45.992618560791016,2999300
2022-09-16,46.439998626708984,46.4900016784668,45.9900016784668,46.189998626708984,45.08486557006836,3569700
2022-09-19,45.83000183105469,46.29999923706055,45.81999969482422,46.29999923706055,45.19223403930664,2632900
2022-09-20,46.130001068115234,46.380001068115234,45.88999938964844,46.02000045776367,44.91893768310547,2771300
2022-09-21,45.43000030517578,45.470001220703125,44.650001525878906,44.65999984741211,43.59147262573242,5910300
2022-09-22,44.779998779296875,44.959999084472656,44.380001068115234,44.400001525878906,43.33769607543945,2633200
2022-09-23,43.630001068115234,43.72999954223633,43.34000015258789,43.58000183105469,42.537315368652344,4648000
2022-09-26,44.09000015258789,44.290000915527344,43.779998779296875,43.790000915527344,42.74229049682617,4799700
2022-09-27,44.09000015258789,44.529998779296875,43.45000076293945,43.619998931884766,42.57635498046875,6612100
2022-09-28,43.119998931884766,44.09000015258789,43.0,43.959999084472656,42.90822219848633,5736800
2022-09-29,42.93000030517578,42.959999084472656,42.349998474121094,42.880001068115234,41.85406494140625,13591100
2022-09-30,42.369998931884766,43.029998779296875,42.369998931884766,42.560001373291016,41.541717529296875,7496800
2022-10-03,42.59000015258789,42.93000030517578,42.22999954223633,42.79999923706055,41.775978088378906,4384900
2022-10-04,43.66999816894531,44.81999969482422,43.66999816894531,44.5099983215332,43.44506072998047,8652400
2022-10-05,44.68000030517578,44.9900016784668,44.36000061035156,44.72999954223633,43.65979766845703,3551800
2022-10-06,44.40999984741211,44.75,44.20000076293945,44.27000045776367,43.21080780029297,2388500
2022-10-07,43.52000045776367,43.7400016784668,43.0,43.099998474121094,42.06879806518555,2848900
2022-10-10,42.20000076293945,42.220001220703125,41.459999084472656,41.63999938964844,40.64373016357422,3039600
2022-10-11,41.02000045776367,41.130001068115234,40.369998931884766,40.63999938964844,39.66765594482422,4599800
2022-10-12,40.560001373291016,41.02000045776367,40.45000076293945,40.630001068115234,39.65789794921875,5221200
2022-10-13,39.38999938964844,40.68000030517578,39.209999084472656,40.45000076293945,39.48220443725586,5174700
2022-10-14,41.16999816894531,41.16999816894531,39.939998626708984,39.959999084472656,39.00392532348633,5510000
2022-10-17,40.869998931884766,41.41999816894531,40.869998931884766,41.130001068115234,40.145931243896484,4318200
2022-10-18,41.66999816894531,41.7599983215332,40.7400016784668,40.97999954223633,39.99951934814453,4112000
2022-10-19,39.939998626708984,40.08000183105469,39.16999816894531,39.29999923706055,38.35971450805664,7809300
2022-10-20,39.45000076293945,40.33000183105469,39.45000076293945,39.540000915527344,38.59397506713867,5444000
2022-10-21,39.310001373291016,39.93000030517578,39.06999969482422,39.900001525878906,38.94536209106445,9635600
2022-10-24,36.529998779296875,36.540000915527344,35.02000045776367,36.04999923706055,35.18747329711914,13315900
2022-10-25,36.65999984741211,37.06999969482422,36.4900016784668,36.70000076293945,35.82192611694336,9024900
2022-10-26,37.130001068115234,38.689998626708984,37.040000915527344,38.33000183105469,37.412925720214844,9498700
2022-10-27,37.529998779296875,37.970001220703125,37.29999923706055,37.36000061035156,36.46613311767578,6128600
2022-10-28,36.0,36.290000915527344,35.7599983215332,36.2599983215332,35.39244842529297,5454800
2022-10-31,35.45000076293945,35.900001525878906,35.400001525878906,35.58000183105469,34.728721618652344,3229100
2022-11-01,37.75,37.849998474121094,37.099998474121094,37.119998931884766,36.23187255859375,5664500
2022-11-02,37.72999954223633,38.2599983215332,37.380001068115234,37.41999816894531,36.52469253540039,6992400
2022-11-03,37.0099983215332,38.13999938964844,36.900001525878906,37.93000030517578,37.02249526977539,5309500
2022-11-04,40.59000015258789,40.70000076293945,39.689998626708984,40.689998626708984,39.71645736694336,13989100
2022-11-07,41.119998931884766,41.310001373291016,40.5,40.65999984741211,39.68717956542969,5617500
2022-11-08,40.349998474121094,40.81999969482422,39.939998626708984,40.599998474121094,39.62861251831055,5047100
2022-11-09,39.66999816894531,39.7400016784668,39.02000045776367,39.06999969482422,38.13521957397461,9278600
2022-11-10,40.779998779296875,41.310001373291016,40.650001525878906,41.25,40.2630615234375,6802300
2022-11-11,42.68000030517578,43.130001068115234,42.459999084472656,42.869998931884766,41.84429931640625,9263100
2022-11-14,43.40999984741211,43.63999938964844,42.97999954223633,43.150001525878906,42.11760330200195,8635600
2022-11-15,45.4900016784668,45.689998626708984,44.93000030517578,45.310001373291016,44.22592544555664,8561500
2022-11-16,44.97999954223633,45.0099983215332,44.349998474121094,44.5,43.435302734375,3297300
2022-11-17,43.5,45.349998474121094,43.5,45.310001373291016,44.22592544555664,8967700
2022-11-18,44.45000076293945,44.47999954223633,43.900001525878906,44.060001373291016,43.00583267211914,3947800
2022-11-21,43.4900016784668,43.709999084472656,43.150001525878906,43.33000183105469,42.29330062866211,10434900
2022-11-22,42.65999984741211,43.02000045776367,42.5099983215332,42.90999984741211,41.88334655761719,6164500
2022-11-23,43.22999954223633,43.4900016784668,43.09000015258789,43.36000061035156,42.32257843017578,4572900
2022-11-25,42.72999954223633,42.79999923706055,42.540000915527344,42.56999969482422,41.55147933959961,1249700
2022-11-28,42.47999954223633,43.529998779296875,42.470001220703125,43.04999923706055,42.01999282836914,5757500
2022-11-29,44.849998474121094,45.189998626708984,44.65999984741211,44.91999816894531,43.845252990722656,6642400
2022-11-30,46.41999816894531,47.41999816894531,46.34000015258789,47.0099983215332,45.88524627685547,9146800
2022-12-01,46.72999954223633,47.029998779296875,46.380001068115234,46.619998931884766,45.504581451416016,7402000
2022-12-02,46.29999923706055,48.029998779296875,46.220001220703125,47.7599983215332,46.61730194091797,3596800
2022-12-05,48.630001068115234,48.66999816894531,47.54999923706055,47.709999084472656,46.56850051879883,8553700
2022-12-06,48.54999923706055,48.68000030517578,47.91999816894531,48.369998931884766,47.21270751953125,3323300
2022-12-07,47.36000061035156,47.810001373291016,47.08000183105469,47.59000015258789,46.45137405395508,8222300
2022-12-08,48.75,49.220001220703125,48.56999969482422,49.060001373291016,47.88620376586914,4679200
2022-12-09,49.439998626708984,49.5,48.709999084472656,48.7400016784668,47.573856353759766,6086500
2022-12-12,48.40999984741211,48.41999816894531,47.72999954223633,48.31999969482422,47.16390609741211,6786500
2022-12-13,48.7400016784668,49.2400016784668,47.81999969482422,48.02000045776367,47.57206344604492,5730600
2022-12-14,48.220001220703125,48.54999923706055,47.900001525878906,48.349998474121094,47.898983001708984,4807300
2022-12-15,48.4900016784668,48.77000045776367,47.09000015258789,47.290000915527344,46.848873138427734,10502000
2022-12-16,47.599998474121094,47.970001220703125,47.33000183105469,47.34000015258789,46.898406982421875,5315700
2022-12-19,47.5099983215332,47.54999923706055,46.90999984741211,46.970001220703125,46.5318603515625,3376600
2022-12-20,46.209999084472656,46.81999969482422,46.130001068115234,46.369998931884766,45.93745422363281,3825600
2022-12-21,46.630001068115234,47.439998626708984,46.36000061035156,47.349998474121094,46.90830993652344,4592700
2022-12-22,47.43000030517578,47.619998931884766,46.65999984741211,47.040000915527344,46.60120391845703,3347600
2022-12-23,47.20000076293945,47.31999969482422,46.66999816894531,46.7599983215332,46.323814392089844,3143000
2022-12-27,47.779998779296875,48.90999984741211,47.68000030517578,48.599998474121094,48.14665222167969,4831300
2022-12-28,48.16999816894531,48.22999954223633,47.11000061035156,47.15999984741211,46.72008514404297,4851200
2022-12-29,47.93000030517578,48.47999954223633,47.709999084472656,48.38999938964844,47.9386100769043,2566800
2022-12-30,47.790000915527344,48.150001525878906,47.439998626708984,47.5,47.056915283203125,3666300
2023-01-03,48.83000183105469,49.59000015258789,48.779998779296875,49.11000061035156,48.65189743041992,4002200
2023-01-04,50.79999923706055,52.040000915527344,50.459999084472656,52.0099983215332,51.52484130859375,9712700
2023-01-05,51.38999938964844,52.130001068115234,51.290000915527344,51.970001220703125,51.4852180480957,12129700
2023-01-06,51.77000045776367,52.310001373291016,51.2599983215332,52.2599983215332,51.77251052856445,15193300
2023-01-09,52.970001220703125,53.08000183105469,52.41999816894531,52.45000076293945,51.96073913574219,6413900
2023-01-10,52.709999084472656,53.060001373291016,52.310001373291016,52.97999954223633,52.48579406738281,4868100
2023-01-11,53.099998474121094,53.54999923706055,52.849998474121094,53.40999984741211,52.91178512573242,5823200
2023-01-12,53.06999969482422,53.119998931884766,52.41999816894531,53.02000045776367,52.52542495727539,6921700
2023-01-13,53.400001525878906,53.91999816894531,53.369998931884766,53.880001068115234,53.377403259277344,8974400
2023-01-17,53.400001525878906,53.43000030517578,52.93000030517578,53.220001220703125,52.72355651855469,7903700
2023-01-18,53.65999984741211,53.75,52.54999923706055,52.560001373291016,52.0697135925293,5989100
2023-01-19,53.189998626708984,53.66999816894531,53.09000015258789,53.529998779296875,53.030662536621094,5886300
2023-01-20,54.16999816894531,54.720001220703125,54.029998779296875,54.68000030517578,54.16993713378906,3935700
2023-01-23,55.02000045776367,55.58000183105469,54.849998474121094,55.31999969482422,54.8039665222168,5234400
2023-01-24,54.90999984741211,55.349998474121094,54.88999938964844,55.2599983215332,54.74452590942383,5704900
2023-01-25,55.13999938964844,55.41999816894531,54.619998931884766,55.400001525878906,54.88322448730469,3670300
2023-01-26,56.029998779296875,56.2400016784668,55.70000076293945,56.20000076293945,55.675758361816406,4879000
2023-01-27,56.29999923706055,56.29999923706055,55.72999954223633,56.06999969482422,55.54697036743164,6945200
2023-01-30,54.369998931884766,54.41999816894531,53.7400016784668,53.959999084472656,53.4566535949707,6598900
2023-01-31,53.459999084472656,53.869998931884766,53.22999954223633,53.58000183105469,53.0802001953125,5509700
2023-02-01,54.38999938964844,55.02000045776367,54.0,54.81999969482422,54.308631896972656,6992800
2023-02-02,54.45000076293945,54.459999084472656,53.560001373291016,53.83000183105469,53.3278694152832,5146200
2023-02-03,53.150001525878906,53.4900016784668,52.470001220703125,52.540000915527344,52.04990005493164,6347100
2023-02-06,51.369998931884766,51.93000030517578,51.15999984741211,51.849998474121094,51.366336822509766,4538800
2023-02-07,52.220001220703125,52.349998474121094,51.529998779296875,52.11000061035156,51.6239128112793,4796000
2023-02-08,51.849998474121094,51.959999084472656,51.310001373291016,51.599998474121094,51.11866760253906,4664300
2023-02-09,53.0099983215332,53.209999084472656,52.5099983215332,52.68000030517578,52.188594818115234,4148600
2023-02-10,51.66999816894531,51.81999969482422,51.029998779296875,51.29999923706055,50.82146453857422,2782000
2023-02-13,52.0099983215332,52.45000076293945,51.79999923706055,52.220001220703125,51.732887268066406,3377700
2023-02-14,51.439998626708984,51.880001068115234,51.0099983215332,51.75,51.267269134521484,2967300
2023-02-15,50.959999084472656,51.349998474121094,50.81999969482422,51.34000015258789,50.8610954284668,2400100
2023-02-16,51.0099983215332,51.56999969482422,50.790000915527344,51.27000045776367,50.791748046875,3136600
2023-02-17,50.36000061035156,50.38999938964844,49.9900016784668,50.2400016784668,49.77135467529297,6800000
2023-02-21,49.81999969482422,50.25,49.65999984741211,49.70000076293945,49.236392974853516,5727200
2023-02-22,49.619998931884766,49.790000915527344,49.20000076293945,49.400001525878906,48.93919372558594,3358600
2023-02-23,50.09000015258789,50.20000076293945,48.849998474121094,49.119998931884766,48.661800384521484,4616600
2023-02-24,47.939998626708984,48.209999084472656,47.47999954223633,47.7599983215332,47.31448745727539,9942400
2023-02-27,48.459999084472656,48.47999954223633,48.130001068115234,48.369998931884766,47.91879653930664,3866700
2023-02-28,47.900001525878906,48.31999969482422,47.7599983215332,47.86000061035156,47.41355514526367,2974900
2023-03-01,50.0,50.11000061035156,49.58000183105469,49.709999084472656,49.246299743652344,4884100
2023-03-02,49.56999969482422,50.5099983215332,49.41999816894531,50.41999816894531,49.94967269897461,4228100
2023-03-03,50.33000183105469,50.61000061035156,50.209999084472656,50.5099983215332,50.03883361816406,5067500
2023-03-06,50.15999984741211,50.349998474121094,49.79999923706055,49.84000015258789,49.37508773803711,5301900
2023-03-07,49.41999816894531,49.41999816894531,48.709999084472656,48.75,48.29525375366211,4433900
2023-03-08,48.33000183105469,48.529998779296875,48.189998626708984,48.380001068115234,47.928707122802734,5183600
2023-03-09,47.61000061035156,47.630001068115234,46.540000915527344,46.66999816894531,46.23465347290039,7684400
2023-03-10,46.61000061035156,47.04999923706055,46.38999938964844,46.72999954223633,46.294097900390625,7513800
2023-03-13,46.7599983215332,47.470001220703125,46.72999954223633,47.130001068115234,46.690364837646484,5361500
2023-03-14,47.060001373291016,47.439998626708984,46.880001068115234,47.38999938964844,46.947940826416016,4946300
2023-03-15,46.4900016784668,46.709999084472656,46.130001068115234,46.63999938964844,46.20493698120117,4174800
2023-03-16,46.45000076293945,47.220001220703125,46.310001373291016,47.189998626708984,46.74980545043945,3497800
2023-03-17,47.36000061035156,47.54999923706055,46.7400016784668,47.040000915527344,46.60120391845703,2578800
2023-03-20,46.45000076293945,47.189998626708984,46.29999923706055,46.86000061035156,46.42288589477539,2617800
2023-03-21,47.47999954223633,47.7599983215332,47.2599983215332,47.59000015258789,47.14607620239258,2112800
2023-03-22,47.959999084472656,48.38999938964844,47.66999816894531,47.72999954223633,47.284767150878906,6206400
2023-03-23,49.099998474121094,49.68000030517578,48.689998626708984,49.040000915527344,48.582550048828125,4413900
2023-03-24,48.619998931884766,48.9900016784668,48.5099983215332,48.790000915527344,48.33488082885742,2449500
2023-03-27,48.06999969482422,48.20000076293945,47.77000045776367,48.08000183105469,47.63150405883789,2856900
2023-03-28,49.150001525878906,49.68000030517578,49.02000045776367,49.650001525878906,49.186859130859375,4563100
2023-03-29,49.400001525878906,49.810001373291016,49.150001525878906,49.650001525878906,49.186859130859375,3163300
2023-03-30,50.099998474121094,50.560001373291016,49.95000076293945,50.380001068115234,49.91004943847656,3955800
2023-03-31,50.150001525878906,50.27000045776367,49.77000045776367,49.88999938964844,49.424617767333984,4899100
2023-04-03,49.91999816894531,50.099998474121094,49.720001220703125,49.880001068115234,49.41471481323242,2869300
2023-04-04,49.47999954223633,49.79999923706055,49.310001373291016,49.720001220703125,49.25620651245117,3387600
2023-04-05,49.560001373291016,49.56999969482422,48.849998474121094,49.130001068115234,48.67171096801758,4694500
2023-04-06,49.209999084472656,49.91999816894531,49.099998474121094,49.72999954223633,49.26611328125,2912900
2023-04-10,49.36000061035156,49.599998474121094,49.22999954223633,49.529998779296875,49.06797790527344,2836700
2023-04-11,49.880001068115234,49.9900016784668,49.4900016784668,49.560001373291016,49.09769821166992,2908100
2023-04-12,49.150001525878906,49.2400016784668,48.11000061035156,48.25,47.79991912841797,5170700
2023-04-13,49.130001068115234,49.40999984741211,49.06999969482422,49.2599983215332,48.80049514770508,4129800
2023-04-14,49.060001373291016,49.209999084472656,48.630001068115234,48.84000015258789,48.38441467285156,2917300
2023-04-17,49.77000045776367,49.91999816894531,49.59000015258789,49.86000061035156,49.394901275634766,2590600
2023-04-18,50.06999969482422,50.130001068115234,49.61000061035156,49.70000076293945,49.236392974853516,3546900
2023-04-19,49.0099983215332,49.220001220703125,48.91999816894531,49.150001525878906,48.691524505615234,4505600
2023-04-20,49.06999969482422,49.31999969482422,48.560001373291016,48.77000045776367,48.315067291259766,4773700
2023-04-21,47.95000076293945,48.099998474121094,47.650001525878906,47.9900016784668,47.54234313964844,3223700
2023-04-24,47.61000061035156,47.66999816894531,47.189998626708984,47.380001068115234,46.93803405761719,2694900
2023-04-25,46.599998474121094,46.599998474121094,46.02000045776367,46.13999938964844,45.709598541259766,4332200
2023-04-26,47.290000915527344,47.36000061035156,46.810001373291016,46.83000183105469,46.393165588378906,8079600
2023-04-27,47.0099983215332,47.59000015258789,46.939998626708984,47.470001220703125,47.02719497680664,2774800
2023-04-28,47.4900016784668,47.810001373291016,47.369998931884766,47.720001220703125,47.274864196777344,2608500
2023-05-01,47.54999923706055,47.93000030517578,47.5099983215332,47.529998779296875,47.086631774902344,2517500
2023-05-02,47.11000061035156,47.11000061035156,46.400001525878906,46.65999984741211,46.22475051879883,3199900
2023-05-03,46.61000061035156,46.83000183105469,46.40999984741211,46.56999969482422,46.135589599609375,3639500
2023-05-04,47.11000061035156,47.56999969482422,47.11000061035156,47.36000061035156,46.91822052001953,3642200
2023-05-05,47.61000061035156,47.95000076293945,47.380001068115234,47.880001068115234,47.43336868286133,2253900
2023-05-08,48.220001220703125,48.220001220703125,47.83000183105469,47.9900016784668,47.54234313964844,2057800
2023-05-09,46.900001525878906,47.310001373291016,46.83000183105469,47.22999954223633,46.789432525634766,4104700
2023-05-10,46.91999816894531,47.2400016784668,46.7400016784668,47.04999923706055,46.61111068725586,5067400
2023-05-11,46.91999816894531,47.47999954223633,46.84000015258789,47.41999816894531,46.977657318115234,5339000
2023-05-12,46.689998626708984,46.689998626708984,46.119998931884766,46.220001220703125,45.788856506347656,3969600
2023-05-15,47.349998474121094,48.18000030517578,47.209999084472656,48.08000183105469,47.63150405883789,5419800
2023-05-16,47.31999969482422,47.720001220703125,47.290000915527344,47.599998474121094,47.15597915649414,3323000
2023-05-17,46.84000015258789,47.290000915527344,46.79999923706055,47.2599983215332,46.81915283203125,3167500
2023-05-18,47.02000045776367,47.09000015258789,46.18000030517578,46.41999816894531,45.98698806762695,3484200
2023-05-19,46.22999954223633,46.369998931884766,46.09000015258789,46.2599983215332,45.8284797668457,2916000
2023-05-22,46.83000183105469,47.33000183105469,46.83000183105469,46.90999984741211,46.472415924072266,2108000
2023-05-23,46.099998474121094,46.20000076293945,45.61000061035156,45.619998931884766,45.19445037841797,2985000
2023-05-24,45.130001068115234,45.290000915527344,44.68000030517578,44.790000915527344,44.3721923828125,4108100
2023-05-25,44.40999984741211,44.4900016784668,43.81999969482422,43.88999938964844,43.480587005615234,4634600
2023-05-26,44.189998626708984,44.81999969482422,44.099998474121094,44.68000030517578,44.26321792602539,3491200
2023-05-30,44.0099983215332,44.119998931884766,43.22999954223633,43.43000030517578,43.024879455566406,3966500
2023-05-31,43.20000076293945,43.29999923706055,42.58000183105469,43.2400016784668,42.83665466308594,5089600
2023-06-01,43.27000045776367,44.47999954223633,43.220001220703125,44.34000015258789,43.9263916015625,5603100
2023-06-02,45.45000076293945,45.83000183105469,45.45000076293945,45.52000045776367,45.09538269042969,6350400
2023-06-05,45.2599983215332,45.439998626708984,45.029998779296875,45.310001373291016,44.88734436035156,3035100
2023-06-06,45.119998931884766,46.119998931884766,45.02000045776367,45.9900016784668,45.56100082397461,3212300
2023-06-07,45.27000045776367,45.689998626708984,44.95000076293945,45.02000045776367,45.02000045776367,3257900
2023-06-08,45.279998779296875,45.689998626708984,45.279998779296875,45.54999923706055,45.54999923706055,1687500
2023-06-09,45.70000076293945,45.869998931884766,45.470001220703125,45.4900016784668,45.4900016784668,4292500
2023-06-12,45.689998626708984,45.720001220703125,45.47999954223633,45.4900016784668,45.4900016784668,2712900
2023-06-13,46.18000030517578,46.47999954223633,46.0099983215332,46.119998931884766,46.119998931884766,3259900
2023-06-14,46.150001525878906,47.06999969482422,46.150001525878906,46.84000015258789,46.84000015258789,7845400
2023-06-15,47.599998474121094,47.77000045776367,47.33000183105469,47.77000045776367,47.77000045776367,4381100
2023-06-16,48.2400016784668,48.2400016784668,47.45000076293945,47.63999938964844,47.63999938964844,3702800
2023-06-20,46.34000015258789,46.43000030517578,45.630001068115234,45.70000076293945,45.70000076293945,4815100
2023-06-21,45.41999816894531,45.63999938964844,45.15999984741211,45.310001373291016,45.310001373291016,2682300
2023-06-22,45.150001525878906,45.27000045776367,44.86000061035156,45.130001068115234,45.130001068115234,2168500
2023-06-23,44.43000030517578,44.5,44.040000915527344,44.18000030517578,44.18000030517578,2795800
2023-06-26,44.41999816894531,44.689998626708984,44.31999969482422,44.36000061035156,44.36000061035156,1503200
2023-06-27,45.130001068115234,45.380001068115234,45.08000183105469,45.34000015258789,45.34000015258789,2817800
2023-06-28,44.9900016784668,44.9900016784668,44.66999816894531,44.97999954223633,44.97999954223633,2884100
2023-06-29,44.27000045776367,44.400001525878906,44.189998626708984,44.29999923706055,44.29999923706055,4563600
2023-06-30,44.70000076293945,44.959999084472656,44.58000183105469,44.7400016784668,44.7400016784668,6786200
2023-07-03,45.56999969482422,45.88999938964844,45.349998474121094,45.470001220703125,45.470001220703125,2822000
2023-07-05,45.15999984741211,45.22999954223633,44.91999816894531,45.099998474121094,45.099998474121094,2832300
2023-07-06,44.119998931884766,44.279998779296875,43.77000045776367,43.9900016784668,43.9900016784668,3217800
2023-07-07,44.25,45.18000030517578,44.22999954223633,44.91999816894531,44.91999816894531,3600500
2023-07-10,44.52000045776367,45.06999969482422,44.459999084472656,44.93000030517578,44.93000030517578,4103100
2023-07-11,45.09000015258789,45.380001068115234,44.77000045776367,45.310001373291016,45.310001373291016,4287200
2023-07-12,46.0,46.619998931884766,45.93000030517578,46.4900016784668,46.4900016784668,5709900
2023-07-13,46.91999816894531,47.52000045776367,46.91999816894531,47.45000076293945,47.45000076293945,6535000
2023-07-14,46.84000015258789,46.86000061035156,46.5099983215332,46.63999938964844,46.63999938964844,3415600
2023-07-17,46.130001068115234,46.47999954223633,45.79999923706055,46.380001068115234,46.380001068115234,2485900
2023-07-18,45.77000045776367,45.90999984741211,45.13999938964844,45.43000030517578,45.43000030517578,2915900
2023-07-19,45.86000061035156,46.209999084472656,45.56999969482422,45.599998474121094,45.599998474121094,3198200
2023-07-20,45.400001525878906,45.619998931884766,45.2400016784668,45.38999938964844,45.38999938964844,3158600
2023-07-21,45.709999084472656,45.779998779296875,45.27000045776367,45.380001068115234,45.380001068115234,1774700
2023-07-24,45.18000030517578,46.75,45.04999923706055,46.38999938964844,46.38999938964844,14755500
2023-07-25,47.59000015258789,47.7599983215332,46.900001525878906,46.95000076293945,46.95000076293945,3766900
2023-07-26,46.7599983215332,47.75,46.75,47.66999816894531,47.66999816894531,5130200
2023-07-27,47.68000030517578,47.709999084472656,46.900001525878906,46.97999954223633,46.97999954223633,2640000
2023-07-28,48.880001068115234,49.4900016784668,48.79999923706055,49.47999954223633,49.47999954223633,3536100
2023-07-31,49.41999816894531,49.939998626708984,49.22999954223633,49.79999923706055,49.79999923706055,4208500
2023-08-01,48.959999084472656,49.09000015258789,48.599998474121094,48.709999084472656,48.709999084472656,3426900
2023-08-02,47.900001525878906,47.93000030517578,47.16999816894531,47.310001373291016,47.310001373291016,4403300
2023-08-03,48.13999938964844,48.689998626708984,48.06999969482422,48.45000076293945,48.45000076293945,4949400
2023-08-04,48.439998626708984,48.52000045776367,47.869998931884766,47.95000076293945,47.95000076293945,5666800
2023-08-07,47.95000076293945,47.95000076293945,47.15999984741211,47.4900016784668,47.4900016784668,2870500
2023-08-08,46.5,46.790000915527344,46.220001220703125,46.72999954223633,46.72999954223633,4664600
2023-08-09,47.130001068115234,47.220001220703125,46.54999923706055,46.88999938964844,46.88999938964844,2129500
2023-08-10,47.38999938964844,48.060001373291016,47.060001373291016,47.220001220703125,47.220001220703125,3378300
2023-08-11,46.029998779296875,46.04999923706055,45.5,45.84000015258789,45.84000015258789,3056600
2023-08-14,45.2599983215332,45.68000030517578,45.0099983215332,45.5099983215332,45.5099983215332,3335800
2023-08-15,45.20000076293945,45.20000076293945,44.63999938964844,44.7599983215332,44.7599983215332,7746200
2023-08-16,44.0,44.290000915527344,43.869998931884766,43.939998626708984,43.939998626708984,3214500
2023-08-17,44.91999816894531,44.959999084472656,44.310001373291016,44.380001068115234,44.380001068115234,4017500
2023-08-18,43.29999923706055,43.52000045776367,43.119998931884766,43.31999969482422,43.31999969482422,3712200
2023-08-21,42.959999084472656,43.25,42.81999969482422,43.2400016784668,43.2400016784668,4838700
2023-08-22,43.470001220703125,43.540000915527344,42.970001220703125,43.119998931884766,43.119998931884766,4251800
2023-08-23,43.2400016784668,43.83000183105469,43.209999084472656,43.720001220703125,43.720001220703125,3785900
2023-08-24,44.0099983215332,44.18000030517578,43.66999816894531,43.7599983215332,43.7599983215332,3612100
2023-08-25,43.810001373291016,43.81999969482422,43.2400016784668,43.7599983215332,43.7599983215332,2172500
2023-08-28,44.40999984741211,44.79999923706055,44.25,44.650001525878906,44.650001525878906,3300200
2023-08-29,45.22999954223633,45.720001220703125,45.0,45.619998931884766,45.619998931884766,4572900
2023-08-30,45.04999923706055,45.459999084472656,45.0,45.369998931884766,45.369998931884766,4913000
2023-08-31,45.06999969482422,45.15999984741211,44.720001220703125,44.90999984741211,44.90999984741211,3163800
2023-09-01,45.66999816894531,46.439998626708984,45.63999938964844,45.88999938964844,45.88999938964844,3720400
2023-09-05,45.529998779296875,45.599998474121094,45.189998626708984,45.31999969482422,45.31999969482422,2544100
2023-09-06,45.36000061035156,45.779998779296875,45.209999084472656,45.34000015258789,45.34000015258789,1370300
2023-09-07,44.27000045776367,44.27000045776367,43.79999923706055,43.9900016784668,43.9900016784668,4678100
2023-09-08,43.90999984741211,44.04999923706055,43.630001068115234,43.88999938964844,43.88999938964844,2844400
2023-09-11,44.65999984741211,44.790000915527344,44.38999938964844,44.61000061035156,44.61000061035156,2801000
2023-09-12,44.33000183105469,44.77000045776367,44.33000183105469,44.61000061035156,44.61000061035156,3194000
2023-09-13,44.29999923706055,44.470001220703125,44.20000076293945,44.27000045776367,44.27000045776367,1265300
2023-09-14,44.41999816894531,44.63999938964844,44.279998779296875,44.5099983215332,44.5099983215332,2001300
2023-09-15,44.369998931884766,44.470001220703125,44.099998474121094,44.220001220703125,44.220001220703125,1909000
2023-09-18,44.0,44.15999984741211,43.790000915527344,44.13999938964844,44.13999938964844,2058500
2023-09-19,44.06999969482422,44.20000076293945,43.810001373291016,43.86000061035156,43.86000061035156,1892400
2023-09-20,43.86000061035156,44.029998779296875,43.529998779296875,43.529998779296875,43.529998779296875,1801500
2023-09-21,42.689998626708984,42.86000061035156,42.63999938964844,42.689998626708984,42.689998626708984,1839400
2023-09-22,44.22999954223633,44.25,43.959999084472656,44.029998779296875,44.029998779296875,3688800
2023-09-25,43.13999938964844,43.47999954223633,43.09000015258789,43.40999984741211,43.40999984741211,5561400
2023-09-26,42.939998626708984,43.15999984741211,42.84000015258789,42.90999984741211,42.90999984741211,3113400
2023-09-27,43.060001373291016,43.119998931884766,42.779998779296875,43.04999923706055,43.04999923706055,3678000
2023-09-28,42.70000076293945,42.97999954223633,42.58000183105469,42.959999084472656,42.959999084472656,3651900
2023-09-29,43.650001525878906,43.70000076293945,43.20000076293945,43.290000915527344,43.290000915527344,2550800
2023-10-02,43.18000030517578,43.31999969482422,42.95000076293945,43.09000015258789,43.09000015258789,3502500
2023-10-03,42.20000076293945,42.38999938964844,42.13999938964844,42.2400016784668,42.2400016784668,3898900
2023-10-04,42.06999969482422,42.13999938964844,41.86000061035156,41.939998626708984,41.939998626708984,2358000
2023-10-05,42.0,42.209999084472656,41.84000015258789,42.18000030517578,42.18000030517578,1653700
2023-10-06,42.380001068115234,43.25,42.380001068115234,43.119998931884766,43.119998931884766,3540600
2023-10-09,42.72999954223633,43.11000061035156,42.689998626708984,43.08000183105469,43.08000183105469,1757500
2023-10-10,43.38999938964844,44.0,43.38999938964844,43.90999984741211,43.90999984741211,5328900
2023-10-11,44.29999923706055,44.56999969482422,44.09000015258789,44.25,44.25,2673200
2023-10-12,44.33000183105469,44.380001068115234,43.380001068115234,43.45000076293945,43.45000076293945,2605600
2023-10-13,43.119998931884766,43.45000076293945,43.0099983215332,43.16999816894531,43.16999816894531,1703800
2023-10-16,42.83000183105469,43.439998626708984,42.65999984741211,43.290000915527344,43.290000915527344,2267600
2023-10-17,42.709999084472656,43.13999938964844,42.68000030517578,42.97999954223633,42.97999954223633,1685600
2023-10-18,42.4900016784668,42.560001373291016,42.150001525878906,42.2400016784668,42.2400016784668,2161000
2023-10-19,41.689998626708984,41.91999816894531,41.54999923706055,41.66999816894531,41.66999816894531,4228400
2023-10-20,41.119998931884766,41.31999969482422,40.90999984741211,40.91999816894531,40.91999816894531,3381200
2023-10-23,40.79999923706055,41.27000045776367,40.540000915527344,41.15999984741211,41.15999984741211,2233200
2023-10-24,41.27000045776367,42.47999954223633,41.27000045776367,42.34000015258789,42.34000015258789,4791100
2023-10-25,41.630001068115234,42.0,41.45000076293945,41.70000076293945,41.70000076293945,4722800
2023-10-26,41.58000183105469,41.88999938964844,41.459999084472656,41.709999084472656,41.709999084472656,5584100
2023-10-27,42.400001525878906,42.52000045776367,41.86000061035156,41.91999816894531,41.91999816894531,2040200
2023-10-30,42.70000076293945,42.779998779296875,42.2599983215332,42.459999084472656,42.459999084472656,5701800
